# noise_perc_th noise_perc SNR_dB SINDy_f1 SINDy_f2 Poly_f1 Poly_f2 Param_f1 Param_f2
1.0000e+00 1.0000e+00 4.0000e+01 1.1580e+00 1.1555e+00 9.7223e-01 1.5776e+00 2.8550e-01 2.9589e-02
1.0000e+00 1.0000e+00 4.0000e+01 1.1641e+00 1.1850e+00 9.8583e-01 1.5444e+00 2.4811e-01 3.6923e-02
1.0000e+00 1.0000e+00 4.0000e+01 1.1962e+00 1.1331e+00 9.7969e-01 1.5880e+00 2.7569e-01 2.9136e-02
1.0000e+00 1.0000e+00 4.0000e+01 1.2033e+00 1.1617e+00 1.0034e+00 1.5280e+00 2.6155e-01 2.9759e-02
1.0000e+00 1.0000e+00 4.0000e+01 1.2012e+00 1.1453e+00 1.0082e+00 1.4917e+00 2.8888e-01 3.2298e-02
1.0000e+00 1.0000e+00 4.0000e+01 1.2143e+00 1.1287e+00 9.8299e-01 1.5716e+00 2.6128e-01 3.8105e-02
1.0000e+00 1.0000e+00 4.0000e+01 1.2171e+00 1.1339e+00 9.9379e-01 1.5493e+00 2.5658e-01 2.0402e-02
1.0000e+00 1.0000e+00 4.0000e+01 1.1865e+00 1.1399e+00 9.8421e-01 1.5349e+00 2.6245e-01 2.7920e-02
1.0000e+00 1.0000e+00 4.0000e+01 1.2158e+00 1.1583e+00 1.0134e+00 1.5031e+00 2.6776e-01 3.0913e-02
1.0000e+00 1.0000e+00 4.0000e+01 1.2205e+00 1.1341e+00 1.0057e+00 1.5092e+00 2.9470e-01 2.9205e-02
1.1220e+00 1.1220e+00 3.9000e+01 1.1939e+00 1.1348e+00 9.8210e-01 1.5705e+00 2.6182e-01 2.9515e-02
1.1220e+00 1.1220e+00 3.9000e+01 1.1913e+00 1.1649e+00 9.9513e-01 1.5343e+00 2.6966e-01 3.6267e-02
1.1220e+00 1.1220e+00 3.9000e+01 1.1788e+00 1.1561e+00 9.7865e-01 1.5631e+00 2.6809e-01 3.3449e-02
1.1220e+00 1.1220e+00 3.9000e+01 1.2008e+00 1.1248e+00 9.7319e-01 1.5753e+00 2.5902e-01 3.7671e-02
1.1220e+00 1.1220e+00 3.9000e+01 1.2299e+00 1.1354e+00 9.9655e-01 1.5627e+00 2.7154e-01 3.2034e-02
1.1220e+00 1.1220e+00 3.9000e+01 1.1873e+00 1.1440e+00 9.9798e-01 1.5314e+00 2.7461e-01 2.8950e-02
1.1220e+00 1.1220e+00 3.9000e+01 1.2389e+00 1.1187e+00 9.9212e-01 1.5672e+00 2.6933e-01 3.1973e-02
1.1220e+00 1.1220e+00 3.9000e+01 1.1870e+00 1.1247e+00 9.7170e-01 1.5717e+00 2.9970e-01 3.6795e-02
1.1220e+00 1.1220e+00 3.9000e+01 1.2306e+00 1.1370e+00 9.9949e-01 1.5586e+00 2.7241e-01 3.0614e-02
1.1220e+00 1.1220e+00 3.9000e+01 1.1818e+00 1.1619e+00 9.7497e-01 1.6215e+00 2.4960e-01 3.3033e-02
1.2589e+00 1.2589e+00 3.8000e+01 1.2267e+00 1.1575e+00 1.0125e+00 1.5361e+00 2.8808e-01 2.9289e-02
1.2589e+00 1.2589e+00 3.8000e+01 1.2090e+00 1.1394e+00 9.8920e-01 1.5789e+00 2.7099e-01 2.9661e-02
1.2589e+00 1.2589e+00 3.8000e+01 1.2293e+00 1.1278e+00 9.9779e-01 1.5412e+00 2.8519e-01 3.0363e-02
1.2589e+00 1.2589e+00 3.8000e+01 1.2165e+00 1.1280e+00 9.8310e-01 1.5891e+00 2.8901e-01 2.4704e-02
1.2589e+00 1.2589e+00 3.8000e+01 1.1828e+00 1.1413e+00 9.8453e-01 1.5397e+00 3.0399e-01 4.0947e-02
1.2589e+00 1.2589e+00 3.8000e+01 1.1887e+00 1.1646e+00 9.9469e-01 1.5281e+00 2.8165e-01 2.3378e-02
1.2589e+00 1.2589e+00 3.8000e+01 1.1925e+00 1.1410e+00 9.9247e-01 1.5488e+00 2.7645e-01 3.5092e-02
1.2589e+00 1.2589e+00 3.8000e+01 1.1927e+00 1.1352e+00 9.8262e-01 1.5530e+00 2.8107e-01 3.3432e-02
1.2589e+00 1.2589e+00 3.8000e+01 1.1695e+00 1.1662e+00 9.7677e-01 1.5744e+00 2.6166e-01 2.9670e-02
1.2589e+00 1.2589e+00 3.8000e+01 1.2072e+00 1.1338e+00 9.8100e-01 1.6017e+00 2.6117e-01 3.4189e-02
1.4125e+00 1.4125e+00 3.7000e+01 1.2162e+00 1.1630e+00 1.0176e+00 1.4972e+00 2.7090e-01 2.4853e-02
1.4125e+00 1.4125e+00 3.7000e+01 1.2163e+00 1.1303e+00 9.9903e-01 1.5152e+00 2.6843e-01 4.0017e-02
1.4125e+00 1.4125e+00 3.7000e+01 1.2269e+00 1.1374e+00 1.0002e+00 1.5494e+00 2.9076e-01 2.9294e-02
1.4125e+00 1.4125e+00 3.7000e+01 1.2119e+00 1.1491e+00 9.8318e-01 1.6187e+00 2.7332e-01 4.0787e-02
1.4125e+00 1.4125e+00 3.7000e+01 1.2548e+00 1.1050e+00 9.8026e-01 1.6104e+00 2.9947e-01 3.3072e-02
1.4125e+00 1.4125e+00 3.7000e+01 1.2532e+00 1.1295e+00 1.0047e+00 1.5523e+00 2.5869e-01 3.4007e-02
1.4125e+00 1.4125e+00 3.7000e+01 1.3038e+00 1.1129e+00 1.0256e+00 1.5373e+00 2.9194e-01 2.6437e-02
1.4125e+00 1.4125e+00 3.7000e+01 1.1998e+00 1.1318e+00 9.7551e-01 1.6197e+00 2.8281e-01 3.3819e-02
1.4125e+00 1.4125e+00 3.7000e+01 1.2033e+00 1.1564e+00 9.8393e-01 1.5926e+00 2.8747e-01 3.4610e-02
1.4125e+00 1.4125e+00 3.7000e+01 1.1691e+00 1.1676e+00 9.9029e-01 1.5170e+00 2.7055e-01 2.1596e-02
1.5849e+00 1.5849e+00 3.6000e+01 1.2278e+00 1.1257e+00 9.8995e-01 1.5672e+00 2.8033e-01 3.5697e-02
1.5849e+00 1.5849e+00 3.6000e+01 1.2007e+00 1.1192e+00 9.6864e-01 1.6335e+00 2.9207e-01 3.2353e-02
1.5849e+00 1.5849e+00 3.6000e+01 1.2421e+00 1.1133e+00 9.8897e-01 1.5961e+00 2.6965e-01 3.8843e-02
1.5849e+00 1.5849e+00 3.6000e+01 1.1955e+00 1.1444e+00 9.9097e-01 1.5295e+00 2.8765e-01 3.4281e-02
1.5849e+00 1.5849e+00 3.6000e+01 1.1981e+00 1.1451e+00 9.9002e-01 1.5557e+00 3.0653e-01 3.0144e-02
1.5849e+00 1.5849e+00 3.6000e+01 1.2582e+00 1.1092e+00 9.8790e-01 1.6233e+00 2.8420e-01 3.6696e-02
1.5849e+00 1.5849e+00 3.6000e+01 1.2231e+00 1.1489e+00 9.9812e-01 1.5434e+00 2.9082e-01 3.5808e-02
1.5849e+00 1.5849e+00 3.6000e+01 1.2163e+00 1.1498e+00 1.0003e+00 1.5454e+00 2.9616e-01 3.5221e-02
1.5849e+00 1.5849e+00 3.6000e+01 1.2126e+00 1.1263e+00 9.8466e-01 1.5631e+00 2.9492e-01 2.4555e-02
1.5849e+00 1.5849e+00 3.6000e+01 1.2706e+00 1.1393e+00 1.0051e+00 1.5928e+00 2.8019e-01 3.0499e-02
1.7783e+00 1.7783e+00 3.5000e+01 1.2577e+00 1.1663e+00 1.0398e+00 1.4852e+00 2.6820e-01 3.7281e-02
1.7783e+00 1.7783e+00 3.5000e+01 1.2249e+00 1.1502e+00 1.0145e+00 1.5198e+00 2.6749e-01 3.9615e-02
1.7783e+00 1.7783e+00 3.5000e+01 1.2512e+00 1.1492e+00 1.0203e+00 1.5154e+00 2.9447e-01 3.2203e-02
1.7783e+00 1.7783e+00 3.5000e+01 1.2484e+00 1.1433e+00 9.9854e-01 1.5810e+00 2.9618e-01 3.0676e-02
1.7783e+00 1.7783e+00 3.5000e+01 1.2191e+00 1.1426e+00 9.8728e-01 1.6123e+00 2.8515e-01 3.0744e-02
1.7783e+00 1.7783e+00 3.5000e+01 1.2140e+00 1.1434e+00 9.9319e-01 1.5900e+00 2.8266e-01 3.1018e-02
1.7783e+00 1.7783e+00 3.5000e+01 1.2338e+00 1.1367e+00 1.0023e+00 1.5598e+00 2.8835e-01 3.6366e-02
1.7783e+00 1.7783e+00 3.5000e+01 1.1859e+00 1.1431e+00 9.7762e-01 1.6182e+00 2.8135e-01 2.8750e-02
1.7783e+00 1.7783e+00 3.5000e+01 1.2506e+00 1.1369e+00 1.0216e+00 1.5014e+00 2.7337e-01 3.2502e-02
1.7783e+00 1.7783e+00 3.5000e+01 1.2173e+00 1.1486e+00 1.0064e+00 1.5304e+00 2.8031e-01 3.4280e-02
1.9953e+00 1.9953e+00 3.4000e+01 1.2293e+00 1.1085e+00 9.8110e-01 1.6020e+00 3.0297e-01 3.4097e-02
1.9953e+00 1.9953e+00 3.4000e+01 1.2792e+00 1.1642e+00 1.0449e+00 1.5205e+00 2.7707e-01 3.4893e-02
1.9953e+00 1.9953e+00 3.4000e+01 1.2382e+00 1.1539e+00 1.0240e+00 1.4795e+00 2.9456e-01 3.9870e-02
1.9953e+00 1.9953e+00 3.4000e+01 1.2506e+00 1.1773e+00 1.0421e+00 1.4805e+00 3.0550e-01 3.0403e-02
1.9953e+00 1.9953e+00 3.4000e+01 1.2638e+00 1.1162e+00 9.8817e-01 1.6452e+00 3.0090e-01 3.0579e-02
1.9953e+00 1.9953e+00 3.4000e+01 1.1977e+00 1.1754e+00 1.0013e+00 1.5524e+00 2.7891e-01 3.6368e-02
1.9953e+00 1.9953e+00 3.4000e+01 1.2756e+00 1.1365e+00 1.0134e+00 1.5939e+00 3.2098e-01 3.3869e-02
1.9953e+00 1.9953e+00 3.4000e+01 1.2504e+00 1.1025e+00 9.9344e-01 1.5652e+00 2.8985e-01 2.8954e-02
1.9953e+00 1.9953e+00 3.4000e+01 1.2433e+00 1.1549e+00 9.9943e-01 1.6290e+00 2.9283e-01 3.3700e-02
1.9953e+00 1.9953e+00 3.4000e+01 1.1987e+00 1.1304e+00 9.7183e-01 1.6542e+00 2.8735e-01 2.6433e-02
2.2387e+00 2.2387e+00 3.3000e+01 1.2955e+00 1.1385e+00 1.0331e+00 1.5348e+00 2.9216e-01 3.1854e-02
2.2387e+00 2.2387e+00 3.3000e+01 1.2257e+00 1.1822e+00 1.0202e+00 1.5170e+00 2.7554e-01 3.6538e-02
2.2387e+00 2.2387e+00 3.3000e+01 1.2655e+00 1.1401e+00 1.0284e+00 1.5182e+00 3.0578e-01 2.9878e-02
2.2387e+00 2.2387e+00 3.3000e+01 1.1970e+00 1.1559e+00 1.0303e+00 1.4284e+00 2.8612e-01 2.9640e-02
2.2387e+00 2.2387e+00 3.3000e+01 1.2439e+00 1.1269e+00 9.8931e-01 1.6099e+00 3.1358e-01 2.7015e-02
2.2387e+00 2.2387e+00 3.3000e+01 1.2430e+00 1.1396e+00 1.0006e+00 1.6170e+00 3.1029e-01 3.0132e-02
2.2387e+00 2.2387e+00 3.3000e+01 1.2678e+00 1.0882e+00 9.9267e-01 1.6111e+00 3.0263e-01 2.4950e-02
2.2387e+00 2.2387e+00 3.3000e+01 1.1877e+00 1.1551e+00 9.8538e-01 1.5896e+00 2.9369e-01 3.2816e-02
2.2387e+00 2.2387e+00 3.3000e+01 1.1934e+00 1.1646e+00 9.8648e-01 1.6056e+00 3.1920e-01 2.6334e-02
2.2387e+00 2.2387e+00 3.3000e+01 1.2659e+00 1.1334e+00 1.0433e+00 1.4494e+00 3.1382e-01 2.7850e-02
2.5119e+00 2.5119e+00 3.2000e+01 1.2960e+00 1.1206e+00 1.0397e+00 1.5132e+00 2.9667e-01 3.6122e-02
2.5119e+00 2.5119e+00 3.2000e+01 1.3580e+00 1.1102e+00 1.0569e+00 1.5186e+00 3.2443e-01 3.0244e-02
2.5119e+00 2.5119e+00 3.2000e+01 1.2731e+00 1.0960e+00 9.9128e-01 1.6570e+00 3.2100e-01 3.2643e-02
2.5119e+00 2.5119e+00 3.2000e+01 1.1996e+00 1.1485e+00 9.9314e-01 1.6093e+00 3.1035e-01 2.7050e-02
2.5119e+00 2.5119e+00 3.2000e+01 1.3537e+00 1.1177e+00 1.0705e+00 1.5088e+00 3.3083e-01 3.1339e-02
2.5119e+00 2.5119e+00 3.2000e+01 1.2265e+00 1.1320e+00 1.0102e+00 1.4984e+00 2.9875e-01 3.0286e-02
2.5119e+00 2.5119e+00 3.2000e+01 1.2665e+00 1.0958e+00 9.9230e-01 1.5767e+00 3.2203e-01 2.8225e-02
2.5119e+00 2.5119e+00 3.2000e+01 1.3030e+00 1.1206e+00 9.7538e-01 1.6968e+00 3.1727e-01 3.6164e-02
2.5119e+00 2.5119e+00 3.2000e+01 1.2716e+00 1.1504e+00 1.0272e+00 1.5453e+00 3.2541e-01 3.2781e-02
2.5119e+00 2.5119e+00 3.2000e+01 1.2606e+00 1.1718e+00 1.0184e+00 1.5763e+00 2.7828e-01 3.3435e-02
2.8184e+00 2.8184e+00 3.1000e+01 1.2757e+00 1.1340e+00 1.0241e+00 1.5791e+00 3.1966e-01 3.2047e-02
2.8184e+00 2.8184e+00 3.1000e+01 1.2972e+00 1.1164e+00 1.0303e+00 1.5252e+00 2.9368e-01 2.1704e-02
2.8184e+00 2.8184e+00 3.1000e+01 1.2108e+00 1.1474e+00 9.8293e-01 1.6039e+00 3.2504e-01 3.3009e-02
2.8184e+00 2.8184e+00 3.1000e+01 1.2554e+00 1.0924e+00 9.8194e-01 1.7082e+00 3.0271e-01 3.5571e-02
2.8184e+00 2.8184e+00 3.1000e+01 1.2677e+00 1.1716e+00 1.0134e+00 1.6172e+00 3.1158e-01 2.9758e-02
2.8184e+00 2.8184e+00 3.1000e+01 1.2731e+00 1.1210e+00 9.8471e-01 1.6833e+00 2.8688e-01 2.0734e-02
2.8184e+00 2.8184e+00 3.1000e+01 1.2884e+00 1.1444e+00 1.0159e+00 1.6154e+00 3.0411e-01 3.4355e-02
2.8184e+00 2.8184e+00 3.1000e+01 1.3247e+00 1.1332e+00 1.0374e+00 1.5599e+00 3.1708e-01 3.3152e-02
2.8184e+00 2.8184e+00 3.1000e+01 1.2046e+00 1.2052e+00 1.0223e+00 1.5191e+00 3.1170e-01 4.3337e-02
2.8184e+00 2.8184e+00 3.1000e+01 1.1589e+00 1.1834e+00 9.8378e-01 1.5834e+00 3.2000e-01 3.6589e-02
3.1623e+00 3.1623e+00 3.0000e+01 1.2838e+00 1.1793e+00 1.0508e+00 1.5445e+00 3.3098e-01 2.7149e-02
3.1623e+00 3.1623e+00 3.0000e+01 1.3248e+00 1.1050e+00 1.0775e+00 1.4106e+00 3.3422e-01 2.8730e-02
3.1623e+00 3.1623e+00 3.0000e+01 1.2674e+00 1.1945e+00 1.0724e+00 1.4430e+00 3.2003e-01 3.9111e-02
3.1623e+00 3.1623e+00 3.0000e+01 1.2913e+00 1.1395e+00 1.0131e+00 1.5969e+00 3.3818e-01 2.5370e-02
3.1623e+00 3.1623e+00 3.0000e+01 1.3228e+00 1.1574e+00 1.0544e+00 1.5343e+00 3.2683e-01 3.0700e-02
3.1623e+00 3.1623e+00 3.0000e+01 1.2508e+00 1.1491e+00 1.0249e+00 1.4986e+00 3.1280e-01 3.4699e-02
3.1623e+00 3.1623e+00 3.0000e+01 1.2459e+00 1.1722e+00 1.0226e+00 1.5645e+00 3.0192e-01 2.7817e-02
3.1623e+00 3.1623e+00 3.0000e+01 1.2548e+00 1.1588e+00 1.0469e+00 1.4519e+00 3.1257e-01 3.2561e-02
3.1623e+00 3.1623e+00 3.0000e+01 1.2881e+00 1.1488e+00 1.0309e+00 1.5534e+00 3.2248e-01 2.6088e-02
3.1623e+00 3.1623e+00 3.0000e+01 1.2142e+00 1.1439e+00 9.7977e-01 1.6378e+00 3.0440e-01 2.5661e-02
3.5481e+00 3.5481e+00 2.9000e+01 1.3301e+00 1.1163e+00 1.0520e+00 1.4849e+00 2.9009e-01 4.6371e-02
3.5481e+00 3.5481e+00 2.9000e+01 1.3421e+00 1.1322e+00 1.0431e+00 1.5717e+00 3.1930e-01 3.7747e-02
3.5481e+00 3.5481e+00 2.9000e+01 1.2881e+00 1.1555e+00 1.0109e+00 1.6072e+00 3.3251e-01 3.6175e-02
3.5481e+00 3.5481e+00 2.9000e+01 1.2786e+00 1.1196e+00 1.0295e+00 1.5391e+00 3.1269e-01 2.8047e-02
3.5481e+00 3.5481e+00 2.9000e+01 1.2241e+00 1.2091e+00 1.0324e+00 1.5017e+00 3.1459e-01 3.0448e-02
3.5481e+00 3.5481e+00 2.9000e+01 1.2327e+00 1.1209e+00 9.9657e-01 1.5641e+00 3.5014e-01 3.0868e-02
3.5481e+00 3.5481e+00 2.9000e+01 1.2820e+00 1.1244e+00 1.0069e+00 1.6298e+00 3.2456e-01 3.3113e-02
3.5481e+00 3.5481e+00 2.9000e+01 1.3194e+00 1.1240e+00 1.0114e+00 1.6664e+00 3.2248e-01 3.3741e-02
3.5481e+00 3.5481e+00 2.9000e+01 1.2983e+00 1.1133e+00 1.0526e+00 1.4303e+00 3.2465e-01 3.7465e-02
3.5481e+00 3.5481e+00 2.9000e+01 1.2881e+00 1.1435e+00 1.0478e+00 1.4686e+00 3.4437e-01 2.1537e-02
3.9811e+00 3.9811e+00 2.8000e+01 1.2621e+00 1.1374e+00 1.0007e+00 1.6880e+00 3.2155e-01 2.9756e-02
3.9811e+00 3.9811e+00 2.8000e+01 1.2950e+00 1.1622e+00 1.0632e+00 1.4987e+00 3.3162e-01 3.0435e-02
3.9811e+00 3.9811e+00 2.8000e+01 1.2994e+00 1.1489e+00 1.0208e+00 1.6330e+00 2.9729e-01 4.2015e-02
3.9811e+00 3.9811e+00 2.8000e+01 1.3002e+00 1.1104e+00 1.0103e+00 1.5389e+00 3.3978e-01 3.2969e-02
3.9811e+00 3.9811e+00 2.8000e+01 1.3428e+00 1.0970e+00 1.0074e+00 1.6355e+00 3.2374e-01 3.3299e-02
3.9811e+00 3.9811e+00 2.8000e+01 1.3467e+00 1.1593e+00 1.0460e+00 1.5670e+00 3.2686e-01 3.0463e-02
3.9811e+00 3.9811e+00 2.8000e+01 1.3803e+00 1.1131e+00 1.0595e+00 1.5388e+00 3.4500e-01 3.4111e-02
3.9811e+00 3.9811e+00 2.8000e+01 1.3109e+00 1.0801e+00 1.0056e+00 1.6303e+00 3.3074e-01 3.4800e-02
3.9811e+00 3.9811e+00 2.8000e+01 1.2966e+00 1.1402e+00 1.0665e+00 1.4400e+00 3.2490e-01 3.2858e-02
3.9811e+00 3.9811e+00 2.8000e+01 1.2900e+00 1.1416e+00 9.8820e-01 1.6682e+00 3.3110e-01 3.5720e-02
4.4668e+00 4.4668e+00 2.7000e+01 1.3884e+00 1.0881e+00 1.0214e+00 1.6638e+00 3.3814e-01 2.5028e-02
4.4668e+00 4.4668e+00 2.7000e+01 1.3273e+00 1.1096e+00 9.9527e-01 1.6965e+00 3.3529e-01 3.6882e-02
4.4668e+00 4.4668e+00 2.7000e+01 1.3724e+00 1.0754e+00 9.9837e-01 1.6425e+00 3.3625e-01 2.8950e-02
4.4668e+00 4.4668e+00 2.7000e+01 1.3344e+00 1.1027e+00 1.0200e+00 1.7339e+00 3.1276e-01 4.3200e-02
4.4668e+00 4.4668e+00 2.7000e+01 1.3259e+00 1.1400e+00 1.0494e+00 1.5139e+00 3.5068e-01 2.2962e-02
4.4668e+00 4.4668e+00 2.7000e+01 1.2733e+00 1.1105e+00 9.8314e-01 1.7132e+00 3.5367e-01 2.9635e-02
4.4668e+00 4.4668e+00 2.7000e+01 1.3850e+00 1.1735e+00 1.1168e+00 1.4832e+00 3.4389e-01 3.0712e-02
4.4668e+00 4.4668e+00 2.7000e+01 1.3189e+00 1.1313e+00 9.9571e-01 1.6945e+00 3.2881e-01 3.8299e-02
4.4668e+00 4.4668e+00 2.7000e+01 1.3836e+00 1.1242e+00 1.1480e+00 1.3653e+00 3.1945e-01 2.9264e-02
4.4668e+00 4.4668e+00 2.7000e+01 1.3591e+00 1.1375e+00 1.0845e+00 1.4759e+00 3.4985e-01 2.5417e-02
5.0119e+00 5.0119e+00 2.6000e+01 1.3240e+00 1.1364e+00 1.0177e+00 1.6518e+00 3.1436e-01 3.3531e-02
5.0119e+00 5.0119e+00 2.6000e+01 1.4125e+00 1.1231e+00 1.0301e+00 1.6406e+00 3.4420e-01 3.4091e-02
5.0119e+00 5.0119e+00 2.6000e+01 1.3914e+00 1.1409e+00 1.1054e+00 1.4836e+00 3.2249e-01 2.7895e-02
5.0119e+00 5.0119e+00 2.6000e+01 1.3425e+00 1.1075e+00 1.0321e+00 1.5620e+00 3.5294e-01 3.3516e-02
5.0119e+00 5.0119e+00 2.6000e+01 1.4159e+00 1.1151e+00 1.0517e+00 1.5826e+00 3.1184e-01 2.8569e-02
5.0119e+00 5.0119e+00 2.6000e+01 1.3696e+00 1.1629e+00 1.0237e+00 1.6890e+00 3.2255e-01 3.4925e-02
5.0119e+00 5.0119e+00 2.6000e+01 1.2762e+00 1.1739e+00 1.0832e+00 1.3901e+00 3.4054e-01 3.0308e-02
5.0119e+00 5.0119e+00 2.6000e+01 1.4615e+00 1.0684e+00 1.0220e+00 1.6516e+00 3.3476e-01 3.0833e-02
5.0119e+00 5.0119e+00 2.6000e+01 1.3395e+00 1.1624e+00 1.0201e+00 1.6988e+00 3.3629e-01 3.4004e-02
5.0119e+00 5.0119e+00 2.6000e+01 1.2645e+00 1.2682e+00 1.0484e+00 1.5718e+00 3.3945e-01 3.6908e-02
5.6234e+00 5.6234e+00 2.5000e+01 1.3742e+00 1.1035e+00 1.0650e+00 1.5169e+00 3.4858e-01 2.8245e-02
5.6234e+00 5.6234e+00 2.5000e+01 1.3048e+00 1.1546e+00 1.0082e+00 1.6737e+00 3.2897e-01 3.6348e-02
5.6234e+00 5.6234e+00 2.5000e+01 1.3123e+00 1.1865e+00 1.0906e+00 1.4612e+00 3.3922e-01 3.7770e-02
5.6234e+00 5.6234e+00 2.5000e+01 1.2640e+00 1.1645e+00 1.0439e+00 1.4740e+00 3.1865e-01 3.3135e-02
5.6234e+00 5.6234e+00 2.5000e+01 1.2907e+00 1.1437e+00 1.0802e+00 1.3815e+00 3.4871e-01 3.7514e-02
5.6234e+00 5.6234e+00 2.5000e+01 1.3448e+00 1.1910e+00 1.1362e+00 1.4309e+00 3.4910e-01 3.1829e-02
5.6234e+00 5.6234e+00 2.5000e+01 1.3200e+00 1.1404e+00 1.0196e+00 1.7502e+00 3.5717e-01 1.7526e-02
5.6234e+00 5.6234e+00 2.5000e+01 1.2294e+00 1.1894e+00 1.0170e+00 1.5820e+00 3.3164e-01 3.3932e-02
5.6234e+00 5.6234e+00 2.5000e+01 1.3374e+00 1.1180e+00 9.9345e-01 1.6491e+00 3.3248e-01 2.9822e-02
5.6234e+00 5.6234e+00 2.5000e+01 1.3764e+00 1.1935e+00 1.0648e+00 1.5852e+00 3.4291e-01 2.6694e-02
6.3096e+00 6.3096e+00 2.4000e+01 1.2506e+00 1.1749e+00 9.7094e-01 1.8020e+00 3.6658e-01 4.0395e-02
6.3096e+00 6.3096e+00 2.4000e+01 1.3656e+00 1.1639e+00 1.1285e+00 1.4416e+00 3.4708e-01 3.1947e-02
6.3096e+00 6.3096e+00 2.4000e+01 1.3728e+00 1.0834e+00 1.0075e+00 1.6649e+00 3.4611e-01 2.7880e-02
6.3096e+00 6.3096e+00 2.4000e+01 1.4565e+00 1.1734e+00 1.0288e+00 1.7194e+00 3.5820e-01 2.2994e-02
6.3096e+00 6.3096e+00 2.4000e+01 1.3834e+00 1.1371e+00 9.9751e-01 1.7577e+00 3.3210e-01 3.9708e-02
6.3096e+00 6.3096e+00 2.4000e+01 1.2755e+00 1.1283e+00 1.0086e+00 1.7341e+00 3.4918e-01 2.9993e-02
6.3096e+00 6.3096e+00 2.4000e+01 1.3632e+00 1.1126e+00 9.9324e-01 1.8719e+00 3.3793e-01 3.3970e-02
6.3096e+00 6.3096e+00 2.4000e+01 1.4185e+00 1.1200e+00 1.0301e+00 1.6957e+00 3.3051e-01 3.0468e-02
6.3096e+00 6.3096e+00 2.4000e+01 1.2573e+00 1.2192e+00 1.0516e+00 1.5421e+00 3.2167e-01 3.4094e-02
6.3096e+00 6.3096e+00 2.4000e+01 1.3413e+00 1.0747e+00 1.0081e+00 1.6124e+00 3.7043e-01 3.1087e-02
7.0795e+00 7.0795e+00 2.3000e+01 1.2398e+00 1.1914e+00 9.6963e-01 1.8625e+00 3.6900e-01 4.1688e-02
7.0795e+00 7.0795e+00 2.3000e+01 1.3757e+00 1.1704e+00 1.0992e+00 1.4815e+00 3.5673e-01 3.5979e-02
7.0795e+00 7.0795e+00 2.3000e+01 1.3416e+00 1.1246e+00 1.0593e+00 1.5082e+00 3.6715e-01 3.8860e-02
7.0795e+00 7.0795e+00 2.3000e+01 1.3718e+00 1.0801e+00 1.0202e+00 1.6671e+00 3.5749e-01 2.9605e-02
7.0795e+00 7.0795e+00 2.3000e+01 1.3859e+00 1.2477e+00 9.9580e-01 1.8361e+00 3.6930e-01 3.3114e-02
7.0795e+00 7.0795e+00 2.3000e+01 1.3671e+00 1.1978e+00 1.0559e+00 1.6273e+00 3.5295e-01 2.8906e-02
7.0795e+00 7.0795e+00 2.3000e+01 1.2878e+00 1.1536e+00 9.8938e-01 1.7686e+00 3.4396e-01 3.6467e-02
7.0795e+00 7.0795e+00 2.3000e+01 1.4354e+00 1.1243e+00 1.0823e+00 1.5764e+00 3.3356e-01 2.7580e-02
7.0795e+00 7.0795e+00 2.3000e+01 1.3283e+00 1.1530e+00 1.0176e+00 1.6896e+00 3.6622e-01 2.0955e-02
7.0795e+00 7.0795e+00 2.3000e+01 1.4285e+00 1.1775e+00 1.0655e+00 1.6941e+00 3.4492e-01 5.3378e-02
7.9433e+00 7.9433e+00 2.2000e+01 1.4835e+00 1.1428e+00 1.1011e+00 1.5883e+00 3.5224e-01 3.5572e-02
7.9433e+00 7.9433e+00 2.2000e+01 1.5997e+00 1.1350e+00 1.3728e+00 1.5205e+00 3.7411e-01 1.3328e-02
7.9433e+00 7.9433e+00 2.2000e+01 1.3438e+00 1.1784e+00 1.0469e+00 1.5911e+00 3.7204e-01 3.5030e-02
7.9433e+00 7.9433e+00 2.2000e+01 1.5279e+00 1.1237e+00 1.0495e+00 1.7120e+00 3.8628e-01 3.5713e-02
7.9433e+00 7.9433e+00 2.2000e+01 1.3344e+00 1.1783e+00 1.0843e+00 1.5023e+00 3.5432e-01 3.7373e-02
7.9433e+00 7.9433e+00 2.2000e+01 1.3833e+00 1.1529e+00 1.0497e+00 1.6261e+00 3.4973e-01 3.9512e-02
7.9433e+00 7.9433e+00 2.2000e+01 1.3668e+00 1.1697e+00 1.0204e+00 1.7130e+00 3.6446e-01 3.5282e-02
7.9433e+00 7.9433e+00 2.2000e+01 1.2819e+00 1.2711e+00 1.0515e+00 1.5965e+00 3.3281e-01 4.1102e-02
7.9433e+00 7.9433e+00 2.2000e+01 1.4287e+00 1.1128e+00 1.0139e+00 1.7749e+00 3.4545e-01 2.3552e-02
7.9433e+00 7.9433e+00 2.2000e+01 1.3243e+00 1.1600e+00 1.0358e+00 1.6828e+00 3.3912e-01 3.2613e-02
8.9125e+00 8.9125e+00 2.1000e+01 1.4617e+00 1.1805e+00 1.0364e+00 1.7249e+00 3.7011e-01 3.7046e-02
8.9125e+00 8.9125e+00 2.1000e+01 1.4588e+00 1.1336e+00 1.0157e+00 1.7223e+00 3.8055e-01 2.7456e-02
8.9125e+00 8.9125e+00 2.1000e+01 1.4697e+00 1.0884e+00 1.0473e+00 1.6082e+00 3.8032e-01 3.8318e-02
8.9125e+00 8.9125e+00 2.1000e+01 1.2996e+00 1.1916e+00 1.0360e+00 1.8171e+00 3.8084e-01 2.7568e-02
8.9125e+00 8.9125e+00 2.1000e+01 1.3169e+00 1.1852e+00 9.5741e-01 1.9042e+00 4.2042e-01 2.4991e-02
8.9125e+00 8.9125e+00 2.1000e+01 1.3134e+00 1.2746e+00 1.0174e+00 1.7492e+00 4.0337e-01 3.9272e-02
8.9125e+00 8.9125e+00 2.1000e+01 1.3586e+00 1.1565e+00 1.0851e+00 1.5009e+00 3.6314e-01 3.0983e-02
8.9125e+00 8.9125e+00 2.1000e+01 1.3835e+00 1.1714e+00 1.0079e+00 1.9731e+00 3.8910e-01 4.8975e-02
8.9125e+00 8.9125e+00 2.1000e+01 1.3592e+00 1.1581e+00 1.0629e+00 1.5838e+00 3.5447e-01 3.4623e-02
8.9125e+00 8.9125e+00 2.1000e+01 1.4258e+00 1.1160e+00 1.0258e+00 1.7095e+00 3.5361e-01 3.2769e-02
1.0000e+01 1.0000e+01 2.0000e+01 1.2936e+00 1.3138e+00 1.0168e+00 2.0024e+00 3.6760e-01 6.5910e-02
1.0000e+01 1.0000e+01 2.0000e+01 1.3049e+00 1.2180e+00 1.0877e+00 1.5039e+00 3.6398e-01 2.2383e-02
1.0000e+01 1.0000e+01 2.0000e+01 1.3407e+00 1.2076e+00 1.0971e+00 1.6934e+00 3.9850e-01 2.9425e-02
1.0000e+01 1.0000e+01 2.0000e+01 1.4183e+00 1.2335e+00 1.1113e+00 1.8353e+00 3.6682e-01 1.2568e-02
1.0000e+01 1.0000e+01 2.0000e+01 1.4076e+00 1.1980e+00 1.1220e+00 1.4912e+00 3.6671e-01 3.1620e-02
1.0000e+01 1.0000e+01 2.0000e+01 1.3464e+00 1.2277e+00 1.0216e+00 1.7257e+00 3.6870e-01 5.0682e-02
1.0000e+01 1.0000e+01 2.0000e+01 1.3592e+00 1.1707e+00 1.0513e+00 1.6256e+00 3.8236e-01 3.6708e-02
1.0000e+01 1.0000e+01 2.0000e+01 1.8753e+00 1.2297e+00 1.0632e+00 2.1116e+00 4.8811e-01 5.1643e-02
1.0000e+01 1.0000e+01 2.0000e+01 1.2782e+00 1.2195e+00 1.0440e+00 1.6032e+00 3.5284e-01 3.5564e-02
1.0000e+01 1.0000e+01 2.0000e+01 1.4204e+00 1.1908e+00 9.8108e-01 1.8906e+00 4.0108e-01 2.5616e-02
1.1220e+01 1.1220e+01 1.9000e+01 1.5481e+00 1.1606e+00 1.1318e+00 1.6728e+00 3.5385e-01 3.5909e-02
1.1220e+01 1.1220e+01 1.9000e+01 1.3859e+00 1.2483e+00 1.0275e+00 2.0637e+00 3.9506e-01 4.5711e-02
1.1220e+01 1.1220e+01 1.9000e+01 1.4243e+00 1.1247e+00 9.7712e-01 1.7534e+00 4.0386e-01 2.9269e-02
1.1220e+01 1.1220e+01 1.9000e+01 1.4164e+00 1.2478e+00 1.1008e+00 1.6844e+00 3.9017e-01 3.1220e-02
1.1220e+01 1.1220e+01 1.9000e+01 1.3189e+00 1.1468e+00 1.0384e+00 1.9172e+00 3.8398e-01 3.3104e-02
1.1220e+01 1.1220e+01 1.9000e+01 1.3736e+00 1.1585e+00 9.7727e-01 1.7964e+00 4.3814e-01 3.4415e-02
1.1220e+01 1.1220e+01 1.9000e+01 1.5260e+00 1.1476e+00 1.1192e+00 1.9683e+00 4.0843e-01 5.8558e-02
1.1220e+01 1.1220e+01 1.9000e+01 1.1715e+00 1.3009e+00 1.0238e+00 1.5356e+00 3.8276e-01 4.2294e-02
1.1220e+01 1.1220e+01 1.9000e+01 1.3942e+00 1.1527e+00 9.7473e-01 1.8244e+00 3.7412e-01 2.9824e-02
1.1220e+01 1.1220e+01 1.9000e+01 1.4129e+00 1.2514e+00 1.1658e+00 1.5226e+00 3.5966e-01 3.5643e-02
1.2589e+01 1.2589e+01 1.8000e+01 1.2225e+00 1.3128e+00 1.0566e+00 1.7775e+00 3.9624e-01 6.4109e-02
1.2589e+01 1.2589e+01 1.8000e+01 1.2248e+00 1.3713e+00 1.1379e+00 1.6439e+00 3.9062e-01 3.5790e-02
1.2589e+01 1.2589e+01 1.8000e+01 1.3669e+00 1.2932e+00 1.0986e+00 1.6140e+00 3.8844e-01 3.7375e-02
1.2589e+01 1.2589e+01 1.8000e+01 1.4720e+00 1.1920e+00 1.0402e+00 1.8855e+00 4.0164e-01 3.4934e-02
1.2589e+01 1.2589e+01 1.8000e+01 1.4083e+00 1.1696e+00 9.9359e-01 1.8679e+00 3.8532e-01 3.8020e-02
1.2589e+01 1.2589e+01 1.8000e+01 1.2298e+00 1.2497e+00 1.0141e+00 1.7561e+00 3.8768e-01 3.7823e-02
1.2589e+01 1.2589e+01 1.8000e+01 1.3241e+00 1.3411e+00 1.0681e+00 1.7272e+00 3.5328e-01 3.7748e-02
1.2589e+01 1.2589e+01 1.8000e+01 1.5136e+00 1.2140e+00 1.0921e+00 1.7631e+00 4.1323e-01 2.8108e-02
1.2589e+01 1.2589e+01 1.8000e+01 1.4297e+00 1.2852e+00 1.0340e+00 1.8620e+00 3.9148e-01 5.6267e-02
1.2589e+01 1.2589e+01 1.8000e+01 1.2050e+00 1.2856e+00 9.9662e-01 1.5863e+00 4.0590e-01 4.1622e-02
1.4125e+01 1.4125e+01 1.7000e+01 1.2576e+00 1.4447e+00 1.0475e+00 1.9164e+00 4.5424e-01 5.7999e-02
1.4125e+01 1.4125e+01 1.7000e+01 1.2210e+00 1.3516e+00 9.8317e-01 1.8951e+00 3.9843e-01 2.5325e-02
1.4125e+01 1.4125e+01 1.7000e+01 1.2649e+00 1.4320e+00 1.0948e+00 1.9156e+00 4.3894e-01 5.9744e-02
1.4125e+01 1.4125e+01 1.7000e+01 1.1490e+00 1.4425e+00 1.0121e+00 1.8857e+00 4.1789e-01 5.7185e-02
1.4125e+01 1.4125e+01 1.7000e+01 1.5572e+00 1.3161e+00 1.0144e+00 1.9727e+00 3.6231e-01 4.3152e-02
1.4125e+01 1.4125e+01 1.7000e+01 1.3601e+00 1.2427e+00 9.2703e-01 1.8806e+00 4.1792e-01 4.5152e-02
1.4125e+01 1.4125e+01 1.7000e+01 1.3620e+00 1.4418e+00 1.0602e+00 1.7761e+00 3.9696e-01 4.7648e-02
1.4125e+01 1.4125e+01 1.7000e+01 1.5078e+00 1.2511e+00 1.4321e+00 1.7506e+00 3.8945e-01 9.3990e-03
1.4125e+01 1.4125e+01 1.7000e+01 2.4991e+00 1.1717e+00 1.5410e+00 1.9295e+00 7.4827e-01 8.2033e-03
1.4125e+01 1.4125e+01 1.7000e+01 1.3563e+00 1.2440e+00 1.2297e+00 1.6303e+00 3.8151e-01 1.9616e-02
1.5849e+01 1.5849e+01 1.6000e+01 1.4506e+00 1.3122e+00 1.0768e+00 1.8767e+00 3.9491e-01 2.5450e-02
1.5849e+01 1.5849e+01 1.6000e+01 1.3219e+00 1.2529e+00 1.0459e+00 1.8881e+00 3.6720e-01 3.0447e-02
1.5849e+01 1.5849e+01 1.6000e+01 1.4403e+00 1.3154e+00 1.1747e+00 1.5872e+00 3.8931e-01 4.4450e-02
1.5849e+01 1.5849e+01 1.6000e+01 1.5033e+00 1.2378e+00 1.1045e+00 1.8169e+00 4.1206e-01 4.0867e-02
1.5849e+01 1.5849e+01 1.6000e+01 1.5797e+00 1.3725e+00 1.4328e+00 1.9578e+00 3.6097e-01 7.3622e-02
1.5849e+01 1.5849e+01 1.6000e+01 1.3404e+00 1.3234e+00 1.1008e+00 2.1123e+00 4.2800e-01 7.0306e-02
1.5849e+01 1.5849e+01 1.6000e+01 1.3770e+00 1.3635e+00 1.0372e+00 2.0214e+00 4.3175e-01 4.1499e-02
1.5849e+01 1.5849e+01 1.6000e+01 1.3777e+00 1.2786e+00 1.0324e+00 1.8838e+00 3.9342e-01 2.9413e-02
1.5849e+01 1.5849e+01 1.6000e+01 1.1639e+00 1.3534e+00 1.1278e+00 2.0421e+00 3.7946e-01 5.8353e-02
1.5849e+01 1.5849e+01 1.6000e+01 1.2089e+00 1.2908e+00 9.9567e-01 1.9006e+00 3.9751e-01 4.3759e-02
1.7783e+01 1.7783e+01 1.5000e+01 1.2476e+00 1.4527e+00 1.0581e+00 1.9388e+00 4.4287e-01 3.8237e-02
1.7783e+01 1.7783e+01 1.5000e+01 1.2904e+00 1.4547e+00 1.1107e+00 1.7535e+00 3.9016e-01 3.1512e-02
1.7783e+01 1.7783e+01 1.5000e+01 1.2483e+00 1.2981e+00 1.1025e+00 1.8649e+00 4.1271e-01 3.6100e-02
1.7783e+01 1.7783e+01 1.5000e+01 1.3951e+00 1.4790e+00 1.0496e+00 2.0124e+00 3.9647e-01 7.8351e-02
1.7783e+01 1.7783e+01 1.5000e+01 1.2347e+00 1.3419e+00 9.7127e-01 1.9854e+00 4.0246e-01 5.0935e-02
1.7783e+01 1.7783e+01 1.5000e+01 1.4217e+00 1.3203e+00 1.0557e+00 1.9073e+00 3.9110e-01 5.3450e-02
1.7783e+01 1.7783e+01 1.5000e+01 1.4280e+00 1.3463e+00 1.2513e+00 1.8376e+00 3.9591e-01 2.9860e-02
1.7783e+01 1.7783e+01 1.5000e+01 2.4970e+00 1.3110e+00 2.5743e+00 1.6709e+00 4.3273e-01 1.0079e-02
1.7783e+01 1.7783e+01 1.5000e+01 1.2501e+00 1.3920e+00 9.7319e-01 2.0199e+00 4.0954e-01 5.3579e-02
1.7783e+01 1.7783e+01 1.5000e+01 3.7910e+00 1.3586e+00 3.7255e+00 1.8922e+00 3.7849e-01 9.2454e-02
1.9953e+01 1.9953e+01 1.4000e+01 1.4364e+00 1.4933e+00 1.2201e+00 1.6791e+00 4.1227e-01 6.6414e-02
1.9953e+01 1.9953e+01 1.4000e+01 1.2059e+00 1.5183e+00 1.0995e+00 1.8454e+00 4.3003e-01 7.4294e-02
1.9953e+01 1.9953e+01 1.4000e+01 1.3330e+00 1.3574e+00 1.0809e+00 1.7982e+00 3.6338e-01 6.1607e-02
1.9953e+01 1.9953e+01 1.4000e+01 1.3477e+00 1.3120e+00 1.0825e+00 1.9540e+00 4.0931e-01 5.2057e-02
1.9953e+01 1.9953e+01 1.4000e+01 1.4462e+00 1.2544e+00 9.8749e-01 1.9750e+00 4.4826e-01 6.1859e-02
1.9953e+01 1.9953e+01 1.4000e+01 1.5572e+00 1.4983e+00 1.1435e+00 1.8650e+00 3.8140e-01 4.3479e-02
1.9953e+01 1.9953e+01 1.4000e+01 1.3625e+00 1.4313e+00 1.3380e+00 1.9461e+00 4.1226e-01 3.4515e-02
1.9953e+01 1.9953e+01 1.4000e+01 1.2384e+00 1.3803e+00 1.0800e+00 1.9238e+00 3.7165e-01 7.6222e-02
1.9953e+01 1.9953e+01 1.4000e+01 2.1045e+00 1.4052e+00 1.3605e+00 2.0091e+00 6.0369e-01 4.9231e-02
1.9953e+01 1.9953e+01 1.4000e+01 1.4553e+00 1.4560e+00 1.1971e+00 1.8368e+00 4.2774e-01 4.0785e-02
2.2387e+01 2.2387e+01 1.3000e+01 1.1559e+00 1.4201e+00 1.0642e+00 1.9810e+00 4.5513e-01 5.9550e-02
2.2387e+01 2.2387e+01 1.3000e+01 1.4902e+00 1.5198e+00 1.2669e+00 1.9344e+00 4.4020e-01 1.0204e-01
2.2387e+01 2.2387e+01 1.3000e+01 1.3928e+00 1.3521e+00 1.0508e+00 1.8550e+00 4.0307e-01 4.1826e-02
2.2387e+01 2.2387e+01 1.3000e+01 1.9937e+00 1.4027e+00 1.3290e+00 1.9639e+00 6.0825e-01 5.3732e-02
2.2387e+01 2.2387e+01 1.3000e+01 1.4912e+00 1.4310e+00 1.0818e+00 1.8732e+00 3.6632e-01 5.1132e-02
2.2387e+01 2.2387e+01 1.3000e+01 1.2449e+00 1.5841e+00 1.0506e+00 1.9805e+00 3.9715e-01 7.6210e-02
2.2387e+01 2.2387e+01 1.3000e+01 1.3953e+00 1.4269e+00 1.0625e+00 1.8446e+00 3.8085e-01 6.3206e-02
2.2387e+01 2.2387e+01 1.3000e+01 2.0353e+00 1.4259e+00 1.6201e+00 2.1518e+00 4.0556e-01 3.8829e-02
2.2387e+01 2.2387e+01 1.3000e+01 1.3207e+00 1.4104e+00 1.0969e+00 1.8735e+00 4.2311e-01 5.6186e-02
2.2387e+01 2.2387e+01 1.3000e+01 1.2471e+00 1.4145e+00 1.3159e+00 1.8879e+00 4.1008e-01 1.9026e-02
2.5119e+01 2.5119e+01 1.2000e+01 1.1632e+00 1.3903e+00 1.0425e+00 1.8190e+00 4.5306e-01 3.5540e-02
2.5119e+01 2.5119e+01 1.2000e+01 1.5057e+00 1.4416e+00 1.1209e+00 2.0819e+00 4.4505e-01 5.7321e-02
2.5119e+01 2.5119e+01 1.2000e+01 2.5146e+00 1.4209e+00 1.5824e+00 2.1979e+00 6.4943e-01 9.5062e-02
2.5119e+01 2.5119e+01 1.2000e+01 4.4011e+00 1.6650e+00 4.4639e+00 1.9254e+00 7.2484e-01 5.2965e-04
2.5119e+01 2.5119e+01 1.2000e+01 1.6922e+00 1.4463e+00 1.0561e+00 1.9321e+00 7.8576e-01 4.9282e-02
2.5119e+01 2.5119e+01 1.2000e+01 1.4628e+00 1.3414e+00 1.1603e+00 2.0404e+00 4.8029e-01 2.7928e-02
2.5119e+01 2.5119e+01 1.2000e+01 1.8282e+00 1.5297e+00 1.9273e+00 1.7854e+00 4.9215e-01 4.3428e-02
2.5119e+01 2.5119e+01 1.2000e+01 1.4212e+00 1.5924e+00 1.2477e+00 1.8207e+00 4.2780e-01 9.8212e-02
2.5119e+01 2.5119e+01 1.2000e+01 1.4174e+00 1.5189e+00 1.1364e+00 1.8921e+00 4.5737e-01 5.2043e-02
2.5119e+01 2.5119e+01 1.2000e+01 5.6462e+00 1.4638e+00 5.9857e+00 1.9744e+00 9.2545e-01 9.4847e-03
2.8184e+01 2.8184e+01 1.1000e+01 3.7042e+00 1.4878e+00 3.7923e+00 2.0104e+00 5.9535e-01 6.7442e-03
2.8184e+01 2.8184e+01 1.1000e+01 1.2839e+00 1.5408e+00 1.1435e+00 1.8304e+00 4.9541e-01 1.1246e-01
2.8184e+01 2.8184e+01 1.1000e+01 1.7237e+00 1.6484e+00 1.7178e+00 1.8234e+00 4.3273e-01 7.9768e-02
2.8184e+01 2.8184e+01 1.1000e+01 1.2117e+00 1.4956e+00 1.0805e+00 1.8642e+00 5.2107e-01 4.4709e-02
2.8184e+01 2.8184e+01 1.1000e+01 2.6501e+00 1.3697e+00 1.8665e+00 1.9683e+00 6.7781e-01 4.1123e-02
2.8184e+01 2.8184e+01 1.1000e+01 1.4667e+00 1.8144e+00 1.3624e+00 2.0453e+00 3.8673e-01 9.2169e-02
2.8184e+01 2.8184e+01 1.1000e+01 1.1669e+00 1.6391e+00 1.0630e+00 1.9976e+00 4.4230e-01 5.8515e-02
2.8184e+01 2.8184e+01 1.1000e+01 5.9889e+00 1.4633e+00 6.4504e+00 2.0228e+00 1.3579e+00 6.2218e-03
2.8184e+01 2.8184e+01 1.1000e+01 1.6400e+00 1.5340e+00 1.1928e+00 1.9392e+00 5.9282e-01 4.6943e-02
2.8184e+01 2.8184e+01 1.1000e+01 8.8861e+00 1.5234e+00 9.1317e+00 1.7253e+00 2.5332e+00 3.1969e-02
3.1623e+01 3.1623e+01 1.0000e+01 1.3093e+00 1.6630e+00 1.2802e+00 1.8191e+00 5.2054e-01 3.4327e-02
3.1623e+01 3.1623e+01 1.0000e+01 4.7028e+00 1.5303e+00 5.0268e+00 1.7886e+00 6.8672e-01 1.5936e-01
3.1623e+01 3.1623e+01 1.0000e+01 1.1354e+00 1.6004e+00 1.1252e+00 1.8773e+00 4.7743e-01 6.2490e-02
3.1623e+01 3.1623e+01 1.0000e+01 1.1710e+00 1.5512e+00 1.0849e+00 1.9031e+00 4.7239e-01 1.0852e-01
3.1623e+01 3.1623e+01 1.0000e+01 1.3959e+00 1.4739e+00 1.0356e+00 1.9897e+00 3.9860e-01 8.5751e-02
3.1623e+01 3.1623e+01 1.0000e+01 1.8735e+00 1.4915e+00 1.2651e+00 1.9344e+00 4.2996e-01 7.2010e-02
3.1623e+01 3.1623e+01 1.0000e+01 3.0461e+00 1.5330e+00 2.2588e+00 2.0608e+00 7.4551e-01 7.0294e-02
3.1623e+01 3.1623e+01 1.0000e+01 1.4271e+00 1.4703e+00 1.1216e+00 1.9903e+00 4.3114e-01 1.0611e-01
3.1623e+01 3.1623e+01 1.0000e+01 1.5991e+00 1.5045e+00 1.4481e+00 1.8645e+00 5.4175e-01 5.9737e-02
3.1623e+01 3.1623e+01 1.0000e+01 1.3098e+00 1.4989e+00 1.0960e+00 2.0450e+00 3.8939e-01 9.0058e-02
3.5481e+01 3.5481e+01 9.0000e+00 1.5246e+00 1.6147e+00 1.2937e+00 1.9618e+00 4.7653e-01 1.3524e-01
3.5481e+01 3.5481e+01 9.0000e+00 4.3819e+00 1.5153e+00 4.4530e+00 1.8850e+00 1.0274e+00 5.0112e-02
3.5481e+01 3.5481e+01 9.0000e+00 1.1592e+00 1.7447e+00 1.1159e+00 1.9396e+00 4.8264e-01 1.0509e-01
3.5481e+01 3.5481e+01 9.0000e+00 1.3640e+00 1.5809e+00 1.2336e+00 1.8212e+00 5.5597e-01 1.0574e-01
3.5481e+01 3.5481e+01 9.0000e+00 4.4880e+00 1.4400e+00 4.7391e+00 1.8331e+00 9.2470e-01 4.7040e-02
3.5481e+01 3.5481e+01 9.0000e+00 1.6323e+00 1.3988e+00 1.2523e+00 2.0245e+00 4.4285e-01 2.7319e-02
3.5481e+01 3.5481e+01 9.0000e+00 1.2653e+00 1.6695e+00 1.1498e+00 1.9681e+00 5.4197e-01 7.6013e-02
3.5481e+01 3.5481e+01 9.0000e+00 1.2519e+00 1.6775e+00 1.1382e+00 1.9432e+00 5.1716e-01 1.1550e-01
3.5481e+01 3.5481e+01 9.0000e+00 1.3962e+00 1.5428e+00 1.0734e+00 1.9688e+00 4.2407e-01 5.7743e-02
3.5481e+01 3.5481e+01 9.0000e+00 5.9109e+00 1.7221e+00 6.4659e+00 1.9715e+00 9.2310e-01 1.6808e-01
3.9811e+01 3.9811e+01 8.0000e+00 1.5576e+00 1.6968e+00 1.0746e+00 2.0628e+00 4.6782e-01 9.8200e-02
3.9811e+01 3.9811e+01 8.0000e+00 2.9398e+00 1.7235e+00 3.0474e+00 1.8952e+00 5.5850e-01 1.6433e-01
3.9811e+01 3.9811e+01 8.0000e+00 3.6811e+00 1.3340e+00 2.7825e+00 1.8987e+00 4.6614e-01 6.9660e-02
3.9811e+01 3.9811e+01 8.0000e+00 1.1371e+00 1.7407e+00 1.1225e+00 2.1817e+00 5.2848e-01 1.0987e-01
3.9811e+01 3.9811e+01 8.0000e+00 7.1169e+00 1.7237e+00 6.8380e+00 1.9782e+00 1.0259e+00 2.0555e-01
3.9811e+01 3.9811e+01 8.0000e+00 1.3305e+00 1.6315e+00 1.1405e+00 1.9514e+00 5.1507e-01 9.5185e-02
3.9811e+01 3.9811e+01 8.0000e+00 1.2614e+00 1.5767e+00 1.0718e+00 2.0605e+00 4.8484e-01 1.6376e-01
3.9811e+01 3.9811e+01 8.0000e+00 5.8153e+00 1.7280e+00 6.0068e+00 1.9536e+00 1.2300e+00 3.9811e-02
3.9811e+01 3.9811e+01 8.0000e+00 2.7196e+00 1.5927e+00 2.8514e+00 1.9441e+00 8.5023e-01 8.1239e-02
3.9811e+01 3.9811e+01 8.0000e+00 1.2908e+00 1.6030e+00 1.2554e+00 1.8565e+00 5.8714e-01 6.5003e-02
4.4668e+01 4.4668e+01 7.0000e+00 1.0913e+01 1.6636e+00 9.4537e+00 2.0711e+00 1.9912e+00 2.2805e-01
4.4668e+01 4.4668e+01 7.0000e+00 1.1551e+00 1.7457e+00 1.1055e+00 1.9000e+00 5.9789e-01 1.4089e-01
4.4668e+01 4.4668e+01 7.0000e+00 1.3721e+00 1.8553e+00 1.2201e+00 2.1389e+00 6.5153e-01 1.3660e-01
4.4668e+01 4.4668e+01 7.0000e+00 1.2129e+00 1.5013e+00 1.1415e+00 1.8499e+00 5.1681e-01 7.4577e-02
4.4668e+01 4.4668e+01 7.0000e+00 3.4963e+00 2.0023e+00 3.9286e+00 2.1688e+00 4.5362e-01 1.9353e-01
4.4668e+01 4.4668e+01 7.0000e+00 1.1620e+01 1.6893e+00 1.1659e+01 1.7340e+00 3.2112e+00 4.8020e-03
4.4668e+01 4.4668e+01 7.0000e+00 1.6195e+00 1.5516e+00 1.4604e+00 1.8749e+00 6.4536e-01 1.1121e-01
4.4668e+01 4.4668e+01 7.0000e+00 1.0890e+00 1.6915e+00 1.1118e+00 1.8108e+00 5.7754e-01 1.5039e-01
4.4668e+01 4.4668e+01 7.0000e+00 5.4861e+00 1.8118e+00 5.3359e+00 2.0100e+00 1.1065e+00 1.8033e-01
4.4668e+01 4.4668e+01 7.0000e+00 1.8856e+00 1.5122e+00 1.8334e+00 2.0706e+00 6.2365e-01 9.0797e-02
5.0119e+01 5.0119e+01 6.0000e+00 1.5536e+00 1.5082e+00 1.1792e+00 2.0052e+00 6.4338e-01 1.2557e-01
5.0119e+01 5.0119e+01 6.0000e+00 5.5039e+00 1.6660e+00 5.1209e+00 2.0471e+00 1.0007e+00 8.0293e-02
5.0119e+01 5.0119e+01 6.0000e+00 6.1299e+00 1.6783e+00 6.2634e+00 1.7588e+00 1.3623e+00 2.7722e-01
5.0119e+01 5.0119e+01 6.0000e+00 1.4324e+00 1.4837e+00 1.2008e+00 2.0724e+00 5.9801e-01 1.6984e-01
5.0119e+01 5.0119e+01 6.0000e+00 1.4786e+00 1.7009e+00 1.3502e+00 2.0813e+00 6.3568e-01 1.2435e-01
5.0119e+01 5.0119e+01 6.0000e+00 1.3369e+00 1.6983e+00 1.2907e+00 2.1407e+00 7.3927e-01 2.3847e-01
5.0119e+01 5.0119e+01 6.0000e+00 4.8420e+00 1.6728e+00 4.9853e+00 2.1199e+00 1.0921e+00 7.7547e-02
5.0119e+01 5.0119e+01 6.0000e+00 2.0387e+00 1.6193e+00 2.1160e+00 1.8385e+00 8.1119e-01 1.3167e-01
5.0119e+01 5.0119e+01 6.0000e+00 2.2109e+00 1.7143e+00 2.1762e+00 1.9549e+00 8.9285e-01 2.3124e-01
5.0119e+01 5.0119e+01 6.0000e+00 1.1544e+00 1.6365e+00 1.1331e+00 2.1969e+00 6.1008e-01 1.6516e-01
5.6234e+01 5.6234e+01 5.0000e+00 1.3836e+01 1.6077e+00 1.2821e+01 1.9351e+00 3.0850e+00 3.1227e-01
5.6234e+01 5.6234e+01 5.0000e+00 1.5004e+00 1.6254e+00 1.3382e+00 2.0117e+00 6.1800e-01 2.2035e-01
5.6234e+01 5.6234e+01 5.0000e+00 1.8158e+00 1.6205e+00 1.7908e+00 1.9801e+00 9.5685e-01 1.4210e-01
5.6234e+01 5.6234e+01 5.0000e+00 3.4155e+00 1.5796e+00 3.1085e+00 2.0181e+00 7.1784e-01 1.1374e-01
5.6234e+01 5.6234e+01 5.0000e+00 1.4963e+00 1.6299e+00 1.1982e+00 2.1872e+00 6.6694e-01 2.0172e-01
5.6234e+01 5.6234e+01 5.0000e+00 1.7399e+00 1.8582e+00 1.5693e+00 2.1391e+00 1.0157e+00 2.8699e-01
5.6234e+01 5.6234e+01 5.0000e+00 1.4305e+00 1.5947e+00 1.5778e+00 1.8559e+00 8.1678e-01 2.5543e-01
5.6234e+01 5.6234e+01 5.0000e+00 1.2317e+00 1.7164e+00 1.1427e+00 2.0863e+00 7.3617e-01 1.8892e-01
5.6234e+01 5.6234e+01 5.0000e+00 5.0776e+00 1.6849e+00 5.0699e+00 2.1702e+00 8.3053e-01 2.3442e-01
5.6234e+01 5.6234e+01 5.0000e+00 6.3038e+00 2.0129e+00 5.1133e+00 2.4662e+00 7.4722e-01 2.5367e-01
6.3096e+01 6.3096e+01 4.0000e+00 1.0263e+01 1.7800e+00 1.0105e+01 1.9643e+00 5.8172e-01 3.9373e-01
6.3096e+01 6.3096e+01 4.0000e+00 1.1167e+00 1.8615e+00 1.1253e+00 2.0360e+00 7.0053e-01 1.8602e-01
6.3096e+01 6.3096e+01 4.0000e+00 1.4121e+00 1.7132e+00 1.3606e+00 2.1136e+00 8.6634e-01 2.9152e-01
6.3096e+01 6.3096e+01 4.0000e+00 3.0829e+00 1.7908e+00 2.9383e+00 2.2728e+00 6.1021e-01 1.8489e-01
6.3096e+01 6.3096e+01 4.0000e+00 1.5226e+00 1.7915e+00 1.3188e+00 1.9362e+00 7.8363e-01 2.2878e-01
6.3096e+01 6.3096e+01 4.0000e+00 8.5960e+00 1.7780e+00 8.8197e+00 2.1787e+00 2.0650e+00 1.6580e-01
6.3096e+01 6.3096e+01 4.0000e+00 5.5961e+00 1.9169e+00 5.8653e+00 2.3187e+00 1.0149e+00 2.7633e-01
6.3096e+01 6.3096e+01 4.0000e+00 4.7065e+00 1.6789e+00 4.3234e+00 1.9265e+00 1.1619e+00 2.1891e-01
6.3096e+01 6.3096e+01 4.0000e+00 1.4882e+00 1.7687e+00 1.1660e+00 2.1990e+00 7.0586e-01 3.2193e-01
6.3096e+01 6.3096e+01 4.0000e+00 1.6351e+00 1.4515e+00 1.6038e+00 1.5091e+00 7.4107e-01 2.4727e-01
7.0795e+01 7.0795e+01 3.0000e+00 1.4125e+00 1.5895e+00 1.2581e+00 2.3028e+00 7.6827e-01 1.3691e-01
7.0795e+01 7.0795e+01 3.0000e+00 6.2960e+00 2.2024e+00 6.2930e+00 2.1974e+00 6.3606e-01 3.6834e-01
7.0795e+01 7.0795e+01 3.0000e+00 1.1318e+00 1.8616e+00 1.1143e+00 1.9161e+00 7.9824e-01 2.2061e-01
7.0795e+01 7.0795e+01 3.0000e+00 1.6869e+00 1.8435e+00 1.6676e+00 2.1995e+00 1.0960e+00 3.4891e-01
7.0795e+01 7.0795e+01 3.0000e+00 2.3264e+00 1.7080e+00 2.0955e+00 2.0772e+00 1.0934e+00 2.2465e-01
7.0795e+01 7.0795e+01 3.0000e+00 1.8171e+00 1.8585e+00 1.7052e+00 1.9879e+00 1.1367e+00 3.0228e-01
7.0795e+01 7.0795e+01 3.0000e+00 6.7887e+00 1.6770e+00 6.2227e+00 2.2301e+00 9.9524e-01 2.5124e-01
7.0795e+01 7.0795e+01 3.0000e+00 2.0639e+00 1.7695e+00 2.0480e+00 2.2126e+00 1.1674e+00 3.9630e-01
7.0795e+01 7.0795e+01 3.0000e+00 1.9702e+01 2.3228e+00 1.9777e+01 2.2431e+00 6.7357e+00 1.0464e-01
7.0795e+01 7.0795e+01 3.0000e+00 3.0943e+01 2.0156e+00 2.8627e+01 2.3111e+00 6.2847e+00 4.1339e-01
7.9433e+01 7.9433e+01 2.0000e+00 7.6687e+00 2.0906e+00 7.3052e+00 2.2873e+00 1.9494e+00 3.9208e-01
7.9433e+01 7.9433e+01 2.0000e+00 1.8638e+00 1.7896e+00 2.0387e+00 2.1312e+00 9.5161e-01 2.8203e-01
7.9433e+01 7.9433e+01 2.0000e+00 9.7480e+00 1.8119e+00 1.0040e+01 2.1278e+00 2.9596e+00 3.9205e-01
7.9433e+01 7.9433e+01 2.0000e+00 1.6225e+00 2.0702e+00 1.6085e+00 2.3350e+00 9.6180e-01 3.5173e-01
7.9433e+01 7.9433e+01 2.0000e+00 1.5647e+00 1.8660e+00 1.4242e+00 2.2124e+00 1.0354e+00 2.3881e-01
7.9433e+01 7.9433e+01 2.0000e+00 1.6014e+00 2.0116e+00 1.6013e+00 2.1863e+00 1.0783e+00 4.1954e-01
7.9433e+01 7.9433e+01 2.0000e+00 6.0624e+00 1.9146e+00 6.0811e+00 1.9035e+00 7.3592e-01 3.2886e-01
7.9433e+01 7.9433e+01 2.0000e+00 5.7081e+00 1.5582e+00 6.0273e+00 1.9055e+00 1.6455e+00 4.9294e-01
7.9433e+01 7.9433e+01 2.0000e+00 1.8195e+01 2.2531e+00 1.8178e+01 2.2101e+00 1.6560e+00 3.5231e-01
7.9433e+01 7.9433e+01 2.0000e+00 4.8491e+00 1.9335e+00 4.9160e+00 2.2640e+00 1.5976e+00 4.8656e-01
8.9125e+01 8.9125e+01 1.0000e+00 1.6161e+01 2.0533e+00 1.7044e+01 2.1407e+00 1.7065e+00 3.6799e-01
8.9125e+01 8.9125e+01 1.0000e+00 1.1481e+01 2.4141e+00 1.1863e+01 2.6397e+00 2.3868e+00 7.0033e-01
8.9125e+01 8.9125e+01 1.0000e+00 7.2652e+00 1.8478e+00 7.4805e+00 2.2367e+00 1.9406e+00 2.2978e-01
8.9125e+01 8.9125e+01 1.0000e+00 1.6960e+00 1.7218e+00 1.3877e+00 2.3506e+00 1.1171e+00 6.6918e-01
8.9125e+01 8.9125e+01 1.0000e+00 3.3793e+00 2.5299e+00 3.2158e+00 3.0617e+00 1.5407e+00 6.7748e-01
8.9125e+01 8.9125e+01 1.0000e+00 8.0627e+00 2.3012e+00 8.0797e+00 2.2623e+00 6.3947e-01 4.0472e-01
8.9125e+01 8.9125e+01 1.0000e+00 5.9329e+00 1.7692e+00 5.4940e+00 2.0817e+00 6.0129e-01 5.5464e-01
8.9125e+01 8.9125e+01 1.0000e+00 8.5307e+00 1.8837e+00 8.4435e+00 2.0493e+00 2.0805e+00 4.5820e-01
8.9125e+01 8.9125e+01 1.0000e+00 2.0436e+00 2.4283e+00 2.1682e+00 2.7288e+00 1.2148e+00 3.3670e-01
8.9125e+01 8.9125e+01 1.0000e+00 1.6651e+00 1.9870e+00 1.5913e+00 2.1427e+00 1.3019e+00 3.6879e-01
1.0000e+02 1.0000e+02 0.0000e+00 1.6840e+00 1.9153e+00 1.5104e+00 2.4983e+00 7.6842e-01 5.1727e-01
1.0000e+02 1.0000e+02 0.0000e+00 8.9121e+00 2.1210e+00 8.8840e+00 2.2734e+00 2.1126e+00 5.0536e-01
1.0000e+02 1.0000e+02 0.0000e+00 1.1397e+01 2.4848e+00 1.0750e+01 2.8257e+00 2.8292e+00 6.6247e-01
1.0000e+02 1.0000e+02 0.0000e+00 3.3019e+02 2.4473e+00 2.4363e+01 2.4804e+00 6.7001e+00 3.8744e-01
1.0000e+02 1.0000e+02 0.0000e+00 1.6821e+00 2.2506e+00 1.5880e+00 2.4651e+00 9.6389e-01 3.6244e-01
1.0000e+02 1.0000e+02 0.0000e+00 2.0736e+00 1.8000e+00 2.2810e+00 2.5514e+00 1.2992e+00 4.8187e-01
1.0000e+02 1.0000e+02 0.0000e+00 1.0300e+01 2.3909e+00 9.4934e+00 2.6897e+00 7.2127e-01 6.2058e-01
1.0000e+02 1.0000e+02 0.0000e+00 2.1573e+00 2.5219e+00 2.0122e+00 3.0199e+00 1.3650e+00 6.5855e-01
1.0000e+02 1.0000e+02 0.0000e+00 1.8091e+00 2.1113e+00 1.7133e+00 2.4772e+00 1.0189e+00 4.0277e-01
1.0000e+02 1.0000e+02 0.0000e+00 7.9412e+00 2.3140e+00 8.1340e+00 2.4367e+00 7.9277e-01 4.9580e-01
1.1220e+02 1.1220e+02 -1.0000e+00 5.5901e+03 2.0441e+00 2.6881e+01 2.1802e+00 4.6376e+00 9.3424e-01
1.1220e+02 1.1220e+02 -1.0000e+00 2.0207e+00 2.2062e+00 1.9707e+00 2.3379e+00 1.5071e+00 9.4176e-01
1.1220e+02 1.1220e+02 -1.0000e+00 5.5275e+00 2.2283e+00 1.9828e+00 2.5365e+00 1.4154e+00 7.6892e-01
1.1220e+02 1.1220e+02 -1.0000e+00 2.2886e+03 2.9253e+00 1.4908e+01 2.9532e+00 4.0423e+00 8.5769e-01
1.1220e+02 1.1220e+02 -1.0000e+00 3.8723e+03 2.8010e+00 4.3683e+01 3.2209e+00 1.0184e+01 8.9350e-01
1.1220e+02 1.1220e+02 -1.0000e+00 1.8504e+00 2.0904e+00 1.7710e+00 2.4583e+00 1.3910e+00 6.5396e-01
1.1220e+02 1.1220e+02 -1.0000e+00 2.7177e+00 2.3213e+00 2.5507e+00 2.5799e+00 1.7483e+00 7.8664e-01
1.1220e+02 1.1220e+02 -1.0000e+00 1.4004e+01 1.6868e+00 1.4236e+01 1.9270e+00 2.1373e+00 8.4298e-01
1.1220e+02 1.1220e+02 -1.0000e+00 1.7895e+00 1.9523e+00 1.8020e+00 2.5873e+00 1.0147e+00 6.0057e-01
1.1220e+02 1.1220e+02 -1.0000e+00 1.4472e+01 2.6126e+00 1.4269e+01 2.8047e+00 3.1738e+00 9.3675e-01
1.2589e+02 1.2589e+02 -2.0000e+00 2.8081e+00 2.1447e+00 2.9877e+00 2.4274e+00 1.2943e+00 5.8053e-01
1.2589e+02 1.2589e+02 -2.0000e+00 2.0013e+00 2.4461e+00 1.7302e+00 2.9682e+00 1.6381e+00 8.5827e-01
1.2589e+02 1.2589e+02 -2.0000e+00 1.6104e+00 3.0581e+00 1.5264e+00 3.1533e+00 1.3276e+00 9.8660e-01
1.2589e+02 1.2589e+02 -2.0000e+00 2.6964e+01 2.5764e+00 3.4346e+00 2.8867e+00 8.7322e-01 7.9098e-01
1.2589e+02 1.2589e+02 -2.0000e+00 1.3995e+00 2.4481e+00 1.4060e+00 2.7232e+00 1.1925e+00 5.7782e-01
1.2589e+02 1.2589e+02 -2.0000e+00 8.4506e+02 3.0759e+00 1.1003e+01 3.4279e+00 7.5065e-01 9.5480e-01
1.2589e+02 1.2589e+02 -2.0000e+00 1.4658e+01 3.7750e+00 3.4962e+00 3.8277e+00 2.4033e+00 9.1534e-01
1.2589e+02 1.2589e+02 -2.0000e+00 3.1537e+00 2.3302e+00 2.9769e+00 2.5556e+00 9.9852e-01 5.9985e-01
1.2589e+02 1.2589e+02 -2.0000e+00 2.4986e+00 2.8059e+00 2.5604e+00 3.0636e+00 1.4536e+00 8.1466e-01
1.2589e+02 1.2589e+02 -2.0000e+00 6.7230e+00 2.2534e+00 3.3899e+00 2.8751e+00 1.3432e+00 8.8556e-01
1.4125e+02 1.4125e+02 -3.0000e+00 1.2166e+03 2.4440e+00 1.3593e+01 3.0173e+00 1.8212e+00 1.1012e+00
1.4125e+02 1.4125e+02 -3.0000e+00 2.3782e+03 3.1690e+00 2.1096e+01 3.2057e+00 3.1155e+00 1.0020e+00
1.4125e+02 1.4125e+02 -3.0000e+00 3.2197e+00 3.1685e+00 2.9297e+00 3.6942e+00 2.0452e+00 1.1033e+00
1.4125e+02 1.4125e+02 -3.0000e+00 3.8856e+02 2.3848e+00 1.7670e+01 2.7698e+00 1.0220e+00 1.5179e+00
1.4125e+02 1.4125e+02 -3.0000e+00 1.7646e+02 2.9441e+00 4.4621e+00 3.5332e+00 7.8165e-01 1.1384e+00
1.4125e+02 1.4125e+02 -3.0000e+00 2.3819e+02 2.3590e+00 9.0995e+00 3.1672e+00 7.7816e-01 7.7695e-01
1.4125e+02 1.4125e+02 -3.0000e+00 2.6733e+00 3.2037e+00 2.3540e+00 3.2927e+00 1.8458e+00 8.1578e-01
1.4125e+02 1.4125e+02 -3.0000e+00 3.0055e+00 2.2510e+00 2.6411e+00 2.8515e+00 1.6045e+00 1.2303e+00
1.4125e+02 1.4125e+02 -3.0000e+00 1.8780e+00 3.5035e+00 2.4389e+00 3.5752e+00 1.9827e+00 1.5174e+00
1.4125e+02 1.4125e+02 -3.0000e+00 6.1919e+02 3.0982e+00 1.2552e+01 3.5820e+00 1.2822e+00 1.1614e+00
1.5849e+02 1.5849e+02 -4.0000e+00 1.4046e+02 3.0739e+00 1.5992e+01 3.7412e+00 4.9609e+00 1.5429e+00
1.5849e+02 1.5849e+02 -4.0000e+00 5.3766e+00 2.8792e+00 1.9543e+00 3.4584e+00 1.3774e+00 1.5346e+00
1.5849e+02 1.5849e+02 -4.0000e+00 8.5156e+00 3.3598e+00 2.2814e+00 3.6228e+00 1.6534e+00 1.0035e+00
1.5849e+02 1.5849e+02 -4.0000e+00 2.1186e+01 3.4486e+00 1.9718e+01 3.7949e+00 3.9108e+00 1.9892e+00
1.5849e+02 1.5849e+02 -4.0000e+00 1.4637e+02 5.0975e+00 1.5175e+01 5.1225e+00 4.2043e+00 1.9961e+00
1.5849e+02 1.5849e+02 -4.0000e+00 2.7752e+01 3.2199e+00 2.3665e+00 3.7687e+00 1.5273e+00 1.6038e+00
1.5849e+02 1.5849e+02 -4.0000e+00 6.9690e+02 3.8382e+00 2.3105e+01 4.0357e+00 4.4964e+00 2.1473e+00
1.5849e+02 1.5849e+02 -4.0000e+00 9.4363e+02 4.4476e+00 4.0072e+01 4.6966e+00 6.1163e+00 2.4289e+00
1.5849e+02 1.5849e+02 -4.0000e+00 1.6693e+04 2.9191e+00 4.4022e+01 2.9509e+00 8.8969e+00 1.8619e+00
1.5849e+02 1.5849e+02 -4.0000e+00 1.7719e+00 2.7697e+00 1.6516e+00 2.9942e+00 1.3087e+00 1.3909e+00
1.7783e+02 1.7783e+02 -5.0000e+00 1.1654e+04 3.2766e+00 5.2229e+01 3.3848e+00 2.0624e+01 2.1396e+00
1.7783e+02 1.7783e+02 -5.0000e+00 1.7038e+02 2.7991e+00 8.8844e+00 2.8968e+00 1.3770e+00 1.7275e+00
1.7783e+02 1.7783e+02 -5.0000e+00 1.7653e+02 3.9281e+00 2.8073e+00 4.2680e+00 1.6639e+00 1.4307e+00
1.7783e+02 1.7783e+02 -5.0000e+00 6.1580e+01 3.9667e+00 2.4535e+00 4.0814e+00 2.1364e+00 2.2684e+00
1.7783e+02 1.7783e+02 -5.0000e+00 2.1098e+03 3.6583e+00 2.7048e+01 3.6618e+00 9.8569e+00 1.7716e+00
1.7783e+02 1.7783e+02 -5.0000e+00 2.5784e+02 4.5173e+00 2.0500e+01 4.6375e+00 3.9904e+00 1.8137e+00
1.7783e+02 1.7783e+02 -5.0000e+00 4.5716e+02 3.6969e+00 1.3293e+01 3.8420e+00 9.6173e-01 2.2176e+00
1.7783e+02 1.7783e+02 -5.0000e+00 1.3435e+02 4.7940e+00 2.9610e+00 4.8733e+00 2.5692e+00 2.7319e+00
1.7783e+02 1.7783e+02 -5.0000e+00 1.8709e+04 6.8594e+00 2.9051e+01 3.6085e+00 1.2683e+01 1.0684e+00
1.7783e+02 1.7783e+02 -5.0000e+00 8.0021e+02 4.8227e+00 6.1573e+00 5.0697e+00 3.3164e+00 2.5297e+00
1.9953e+02 1.9953e+02 -6.0000e+00 2.0884e+02 3.4633e+00 3.8240e+00 3.6301e+00 2.7446e+00 2.8775e+00
1.9953e+02 1.9953e+02 -6.0000e+00 6.9909e+01 6.3809e+00 1.3419e+01 6.7356e+00 3.1007e+00 3.0598e+00
1.9953e+02 1.9953e+02 -6.0000e+00 1.1589e+02 4.5810e+00 3.1107e+00 5.0343e+00 1.4657e+00 1.9091e+00
1.9953e+02 1.9953e+02 -6.0000e+00 9.4190e+01 4.4399e+00 2.3609e+00 4.5100e+00 2.4410e+00 2.4597e+00
1.9953e+02 1.9953e+02 -6.0000e+00 7.5123e+01 3.3846e+00 4.6367e+00 3.4621e+00 2.7129e+00 1.7005e+00
1.9953e+02 1.9953e+02 -6.0000e+00 3.5084e+02 4.3924e+00 2.9039e+01 4.4899e+00 1.8947e+00 2.1674e+00
1.9953e+02 1.9953e+02 -6.0000e+00 1.8652e+01 4.7451e+00 2.1477e+00 4.7868e+00 1.4360e+00 1.7812e+00
1.9953e+02 1.9953e+02 -6.0000e+00 2.0432e+02 4.2129e+00 2.1761e+00 4.5408e+00 1.5001e+00 2.1226e+00
1.9953e+02 1.9953e+02 -6.0000e+00 1.0930e+02 4.6993e+00 2.6273e+01 4.9918e+00 9.2539e+00 3.1399e+00
1.9953e+02 1.9953e+02 -6.0000e+00 6.9921e+01 5.5971e+00 2.6966e+00 5.5802e+00 2.2221e+00 2.8138e+00
2.2387e+02 2.2387e+02 -7.0000e+00 7.4294e+01 5.5777e+00 2.3839e+00 5.6614e+00 2.0874e+00 3.6876e+00
2.2387e+02 2.2387e+02 -7.0000e+00 2.3905e+02 3.5885e+00 3.7707e+01 4.3963e+00 5.1603e+00 1.9632e+00
2.2387e+02 2.2387e+02 -7.0000e+00 3.9858e+01 6.1566e+00 3.6099e+00 5.9937e+00 2.7026e+00 3.7402e+00
2.2387e+02 2.2387e+02 -7.0000e+00 3.1788e+02 5.8122e+00 1.8095e+01 5.7080e+00 2.9258e+00 2.7593e+00
2.2387e+02 2.2387e+02 -7.0000e+00 7.0117e+01 4.0776e+00 4.2672e+00 4.2048e+00 1.2307e+00 2.5670e+00
2.2387e+02 2.2387e+02 -7.0000e+00 2.5126e+03 6.1903e+00 2.3266e+01 6.2803e+00 6.4325e+00 4.5072e+00
2.2387e+02 2.2387e+02 -7.0000e+00 5.7068e+02 3.6846e+00 1.8695e+01 4.2372e+00 5.5135e+00 3.2807e+00
2.2387e+02 2.2387e+02 -7.0000e+00 7.6871e+02 7.9814e+00 2.1102e+01 7.9829e+00 6.7526e+00 3.5751e+00
2.2387e+02 2.2387e+02 -7.0000e+00 2.0700e+01 5.2529e+00 2.8086e+00 5.2238e+00 2.2250e+00 2.7312e+00
2.2387e+02 2.2387e+02 -7.0000e+00 5.6277e+02 4.3724e+00 2.3637e+01 4.3933e+00 1.0295e+00 2.4327e+00
2.5119e+02 2.5119e+02 -8.0000e+00 2.7859e+03 5.2284e+00 2.5181e+01 5.2858e+00 7.2224e+00 3.7772e+00
2.5119e+02 2.5119e+02 -8.0000e+00 4.5724e+02 3.3643e+00 2.4813e+01 3.9389e+00 4.3747e+00 2.2386e+00
2.5119e+02 2.5119e+02 -8.0000e+00 3.2046e+02 6.4237e+00 5.0147e+00 6.9151e+00 3.3663e+00 3.9841e+00
2.5119e+02 2.5119e+02 -8.0000e+00 4.8556e+03 1.8810e+02 1.5715e+02 1.6028e+02 1.0722e+01 2.7837e+00
2.5119e+02 2.5119e+02 -8.0000e+00 2.1248e+03 1.5709e+01 2.5801e+01 1.5390e+01 2.9097e+00 3.9706e+00
2.5119e+02 2.5119e+02 -8.0000e+00 3.5122e+01 6.6056e+00 2.8433e+00 6.9445e+00 2.6799e+00 3.5887e+00
2.5119e+02 2.5119e+02 -8.0000e+00 9.8622e+01 4.7672e+00 3.8041e+00 5.1049e+00 2.8072e+00 4.0410e+00
2.5119e+02 2.5119e+02 -8.0000e+00 1.3438e+02 5.1845e+00 4.9839e+00 5.2196e+00 1.8741e+00 3.5896e+00
2.5119e+02 2.5119e+02 -8.0000e+00 3.7047e+02 4.2002e+00 2.6151e+01 4.3810e+00 6.0347e+00 3.9562e+00
2.5119e+02 2.5119e+02 -8.0000e+00 1.8875e+02 7.0982e+00 1.1030e+01 7.0134e+00 2.2684e+00 3.7581e+00
2.8184e+02 2.8184e+02 -9.0000e+00 2.9680e+02 5.6271e+00 3.9557e+00 6.3987e+00 2.9378e+00 4.1328e+00
2.8184e+02 2.8184e+02 -9.0000e+00 9.9677e+01 4.9447e+00 5.1675e+00 4.9510e+00 2.7492e+00 4.3853e+00
2.8184e+02 2.8184e+02 -9.0000e+00 1.2041e+03 6.2975e+00 7.2612e+01 6.3982e+00 1.5030e+00 4.6249e+00
2.8184e+02 2.8184e+02 -9.0000e+00 4.7784e+01 7.0046e+00 2.7511e+00 7.0916e+00 3.0016e+00 4.7051e+00
2.8184e+02 2.8184e+02 -9.0000e+00 2.7297e+02 9.4985e+00 4.9589e+00 9.3914e+00 3.4577e+00 6.7576e+00
2.8184e+02 2.8184e+02 -9.0000e+00 2.3053e+02 5.1776e+00 3.4179e+00 5.2424e+00 2.9325e+00 3.2849e+00
2.8184e+02 2.8184e+02 -9.0000e+00 1.0749e+02 7.4159e+00 2.9278e+00 7.3722e+00 2.5073e+00 4.4995e+00
2.8184e+02 2.8184e+02 -9.0000e+00 1.0055e+03 6.7354e+00 4.3052e+01 7.1823e+00 5.9926e+00 5.3678e+00
2.8184e+02 2.8184e+02 -9.0000e+00 1.3496e+03 8.8790e+00 4.3237e+01 8.4783e+00 8.4944e+00 3.5327e+00
2.8184e+02 2.8184e+02 -9.0000e+00 3.1689e+04 6.6126e+01 1.2759e+02 9.5669e+01 2.3640e+01 5.3549e+00
3.1623e+02 3.1623e+02 -1.0000e+01 9.3675e+01 7.3353e+00 2.8294e+00 8.0823e+00 2.6464e+00 4.1777e+00
3.1623e+02 3.1623e+02 -1.0000e+01 9.1846e+03 3.1671e+02 3.0069e+02 3.0486e+02 7.5377e+00 4.1299e+00
3.1623e+02 3.1623e+02 -1.0000e+01 3.8297e+03 6.9170e+00 4.0827e+01 7.3731e+00 1.2091e+00 7.0348e+00
3.1623e+02 3.1623e+02 -1.0000e+01 6.9100e+01 8.1390e+00 3.1453e+00 8.4890e+00 3.2210e+00 4.9377e+00
3.1623e+02 3.1623e+02 -1.0000e+01 1.0486e+03 1.4149e+01 1.0008e+02 1.1335e+01 3.2492e+01 4.4234e+00
3.1623e+02 3.1623e+02 -1.0000e+01 1.6730e+02 7.1838e+00 1.0469e+01 7.6298e+00 4.3844e+00 5.4219e+00
3.1623e+02 3.1623e+02 -1.0000e+01 4.2315e+02 8.9264e+00 2.0718e+01 9.6448e+00 5.6483e+00 4.0538e+00
3.1623e+02 3.1623e+02 -1.0000e+01 1.4055e+03 9.5670e+00 3.0083e+01 9.1028e+00 1.3118e+00 8.3086e+00
3.1623e+02 3.1623e+02 -1.0000e+01 3.4352e+01 1.9824e+02 4.0985e+01 5.4156e+01 1.1220e+01 5.0058e+00
3.1623e+02 3.1623e+02 -1.0000e+01 3.9440e+02 1.0640e+01 6.5518e+00 1.0884e+01 4.4729e+00 5.8944e+00
3.5481e+02 3.5481e+02 -1.1000e+01 3.4592e+02 1.2300e+01 5.8743e+00 1.2354e+01 4.4912e+00 9.4879e+00
3.5481e+02 3.5481e+02 -1.1000e+01 4.1662e+03 7.9154e+00 3.5115e+01 7.5056e+00 1.4738e+00 6.2833e+00
3.5481e+02 3.5481e+02 -1.1000e+01 2.0901e+02 6.3030e+00 3.9133e+00 6.2670e+00 3.8148e+00 5.7475e+00
3.5481e+02 3.5481e+02 -1.1000e+01 2.5544e+03 1.3041e+01 6.4383e+01 1.3219e+01 8.9750e+00 1.0185e+01
3.5481e+02 3.5481e+02 -1.1000e+01 1.5824e+03 1.0937e+01 2.4809e+01 1.0839e+01 2.4803e+00 4.0005e+00
3.5481e+02 3.5481e+02 -1.1000e+01 1.1944e+02 8.6828e+00 1.0147e+01 8.7774e+00 4.1337e+00 5.9013e+00
3.5481e+02 3.5481e+02 -1.1000e+01 1.2428e+04 1.2062e+03 2.2324e+02 2.4885e+02 3.2439e+01 7.2235e+00
3.5481e+02 3.5481e+02 -1.1000e+01 6.5767e+03 5.5814e+01 1.2737e+02 5.2664e+01 2.1347e+01 4.7969e+00
3.5481e+02 3.5481e+02 -1.1000e+01 1.9571e+02 9.8549e+00 4.0069e+00 1.0035e+01 3.4763e+00 7.4912e+00
3.5481e+02 3.5481e+02 -1.1000e+01 2.6152e+03 8.8132e+00 3.8027e+01 9.6539e+00 3.0758e+00 5.8058e+00
3.9811e+02 3.9811e+02 -1.2000e+01 1.3618e+02 1.1880e+01 8.7063e+00 1.1900e+01 5.6672e+00 9.8169e+00
3.9811e+02 3.9811e+02 -1.2000e+01 1.5888e+02 1.3042e+01 4.0829e+00 1.2859e+01 4.0459e+00 9.3514e+00
3.9811e+02 3.9811e+02 -1.2000e+01 1.7648e+04 7.4686e+00 6.6958e+01 7.8979e+00 5.0702e+00 5.6973e+00
3.9811e+02 3.9811e+02 -1.2000e+01 3.3232e+02 2.3690e+01 6.1771e+01 2.4033e+01 1.9541e+01 1.3265e+01
3.9811e+02 3.9811e+02 -1.2000e+01 1.3605e+03 8.3051e+00 4.3913e+01 8.5378e+00 4.2570e+00 7.5760e+00
3.9811e+02 3.9811e+02 -1.2000e+01 3.2891e+02 9.7234e+00 6.2136e+00 9.3221e+00 4.3853e+00 9.4169e+00
3.9811e+02 3.9811e+02 -1.2000e+01 3.8382e+01 1.4319e+01 6.8088e+00 1.4130e+01 3.3913e+00 1.1142e+01
3.9811e+02 3.9811e+02 -1.2000e+01 5.2231e+02 1.0208e+01 4.3493e+00 1.0809e+01 3.0342e+00 8.8053e+00
3.9811e+02 3.9811e+02 -1.2000e+01 1.2896e+03 8.5957e+01 5.3411e+01 6.2339e+01 3.6680e+00 8.9462e+00
3.9811e+02 3.9811e+02 -1.2000e+01 2.3605e+04 1.1645e+03 7.3183e+02 8.4170e+02 3.9950e+01 1.4226e+01
4.4668e+02 4.4668e+02 -1.3000e+01 3.4151e+02 1.1882e+01 5.6653e+00 1.1872e+01 4.6287e+00 1.1236e+01
4.4668e+02 4.4668e+02 -1.3000e+01 4.9751e+02 1.1317e+01 8.6032e+00 1.1110e+01 5.9683e+00 1.1529e+01
4.4668e+02 4.4668e+02 -1.3000e+01 8.5708e+02 5.4312e+01 3.9116e+01 4.0528e+01 7.9741e+00 8.8538e+00
4.4668e+02 4.4668e+02 -1.3000e+01 8.1977e+01 1.1261e+01 1.6961e+01 1.1502e+01 7.0798e+00 1.1106e+01
4.4668e+02 4.4668e+02 -1.3000e+01 5.2888e+03 1.2916e+01 4.5531e+01 1.2909e+01 1.3315e+01 8.7760e+00
4.4668e+02 4.4668e+02 -1.3000e+01 6.2907e+02 3.4969e+01 5.1218e+01 4.4390e+01 9.3563e+00 1.1204e+01
4.4668e+02 4.4668e+02 -1.3000e+01 7.9866e+01 1.2875e+01 1.2975e+01 1.3158e+01 4.9482e+00 1.0461e+01
4.4668e+02 4.4668e+02 -1.3000e+01 1.4691e+02 1.1110e+01 7.4568e+00 1.1068e+01 4.8030e+00 1.0611e+01
4.4668e+02 4.4668e+02 -1.3000e+01 4.3666e+01 1.0182e+01 4.9538e+00 1.0222e+01 4.7732e+00 1.0315e+01
4.4668e+02 4.4668e+02 -1.3000e+01 6.2088e+01 1.4180e+01 3.8518e+00 1.4247e+01 3.7923e+00 1.4028e+01
5.0119e+02 5.0119e+02 -1.4000e+01 1.0976e+04 3.6684e+02 1.0682e+02 6.4801e+01 3.1445e+01 8.9260e+00
5.0119e+02 5.0119e+02 -1.4000e+01 4.6816e+03 1.3075e+01 1.1776e+02 1.3218e+01 1.3372e+01 1.0973e+01
5.0119e+02 5.0119e+02 -1.4000e+01 2.3401e+02 1.9135e+01 6.1881e+00 1.8812e+01 5.2570e+00 1.5838e+01
5.0119e+02 5.0119e+02 -1.4000e+01 3.5301e+02 1.5727e+01 3.9575e+00 1.5176e+01 4.3049e+00 1.2937e+01
5.0119e+02 5.0119e+02 -1.4000e+01 4.4347e+02 1.4812e+01 1.3779e+01 1.5233e+01 4.7796e+00 1.2317e+01
5.0119e+02 5.0119e+02 -1.4000e+01 1.7117e+02 1.2762e+01 6.2252e+00 1.2444e+01 4.2874e+00 1.0135e+01
5.0119e+02 5.0119e+02 -1.4000e+01 2.1409e+02 2.3407e+01 6.4234e+00 2.3030e+01 7.2037e+00 1.8977e+01
5.0119e+02 5.0119e+02 -1.4000e+01 1.0872e+03 1.4215e+01 4.9819e+01 1.4371e+01 1.0731e+01 9.4521e+00
5.0119e+02 5.0119e+02 -1.4000e+01 9.1964e+01 1.1157e+01 4.2472e+00 1.1143e+01 3.9120e+00 1.0676e+01
5.0119e+02 5.0119e+02 -1.4000e+01 1.0713e+03 1.3504e+01 7.4263e+00 1.3078e+01 3.6886e+00 1.0218e+01
5.6234e+02 5.6234e+02 -1.5000e+01 1.2071e+03 6.1366e+01 4.1196e+01 6.3929e+01 6.3482e+00 1.4959e+01
5.6234e+02 5.6234e+02 -1.5000e+01 1.8675e+02 1.7371e+01 3.0337e+01 1.7061e+01 7.6160e+00 1.3978e+01
5.6234e+02 5.6234e+02 -1.5000e+01 5.9895e+02 1.3416e+01 6.0783e+01 1.3586e+01 8.0667e+00 1.3009e+01
5.6234e+02 5.6234e+02 -1.5000e+01 2.8633e+02 1.7528e+01 1.2502e+01 1.7478e+01 5.7918e+00 1.9301e+01
5.6234e+02 5.6234e+02 -1.5000e+01 1.5685e+02 1.3161e+01 4.9229e+01 1.3187e+01 4.5603e+00 1.2770e+01
5.6234e+02 5.6234e+02 -1.5000e+01 4.8902e+01 1.1373e+01 6.8707e+00 1.1386e+01 6.7764e+00 1.2792e+01
5.6234e+02 5.6234e+02 -1.5000e+01 2.8441e+02 9.4992e+00 3.1681e+01 9.4648e+00 1.7932e+00 1.1014e+01
5.6234e+02 5.6234e+02 -1.5000e+01 7.7465e+01 1.4664e+01 6.9110e+01 1.4057e+01 1.8835e+01 1.2437e+01
5.6234e+02 5.6234e+02 -1.5000e+01 1.9212e+02 1.8691e+01 5.0445e+00 1.8375e+01 3.5990e+00 1.8019e+01
5.6234e+02 5.6234e+02 -1.5000e+01 1.1533e+04 1.5025e+03 1.7907e+03 2.0254e+03 2.7400e+01 1.0203e+01
6.3096e+02 6.3096e+02 -1.6000e+01 2.0584e+02 2.0604e+01 6.0314e+00 2.0146e+01 4.6765e+00 1.9972e+01
6.3096e+02 6.3096e+02 -1.6000e+01 5.9267e+02 1.8704e+01 1.6002e+01 1.7747e+01 6.5680e+00 1.5018e+01
6.3096e+02 6.3096e+02 -1.6000e+01 5.2335e+01 4.5518e+01 5.4444e+00 2.1476e+01 5.3481e+00 1.8037e+01
6.3096e+02 6.3096e+02 -1.6000e+01 3.0803e+01 1.5464e+01 4.8307e+00 1.5552e+01 5.0800e+00 1.4230e+01
6.3096e+02 6.3096e+02 -1.6000e+01 6.9719e+03 1.3169e+03 1.2218e+03 1.3226e+03 2.5328e+00 1.7564e+01
6.3096e+02 6.3096e+02 -1.6000e+01 2.6920e+02 2.9121e+02 9.7255e+01 3.0670e+02 5.5741e+00 2.3977e+01
6.3096e+02 6.3096e+02 -1.6000e+01 1.9138e+02 1.8717e+01 2.3171e+01 1.8481e+01 9.2058e+00 1.5532e+01
6.3096e+02 6.3096e+02 -1.6000e+01 3.7401e+03 1.8190e+01 1.0608e+02 1.8192e+01 5.5503e+00 1.6507e+01
6.3096e+02 6.3096e+02 -1.6000e+01 7.1027e+01 1.9002e+01 1.9523e+01 1.8204e+01 7.9092e+00 1.7276e+01
6.3096e+02 6.3096e+02 -1.6000e+01 8.1894e+02 2.7418e+01 5.9628e+01 2.7530e+01 1.1037e+01 1.6300e+01
7.0795e+02 7.0795e+02 -1.7000e+01 2.4748e+02 1.9633e+01 4.1264e+00 1.9778e+01 4.4408e+00 1.7853e+01
7.0795e+02 7.0795e+02 -1.7000e+01 9.5656e+02 4.9163e+02 2.3681e+01 3.3197e+01 4.5796e+00 2.6618e+01
7.0795e+02 7.0795e+02 -1.7000e+01 5.1653e+02 2.0749e+01 1.3122e+01 2.3023e+01 7.7337e+00 1.6436e+01
7.0795e+02 7.0795e+02 -1.7000e+01 3.4928e+02 1.8478e+01 4.8618e+01 2.0117e+01 2.0651e+00 1.9620e+01
7.0795e+02 7.0795e+02 -1.7000e+01 2.0591e+02 2.1263e+02 1.1441e+01 2.1248e+01 4.2544e+00 2.0116e+01
7.0795e+02 7.0795e+02 -1.7000e+01 2.1344e+03 2.9511e+04 1.7062e+02 1.4265e+02 3.5013e+01 3.1356e+01
7.0795e+02 7.0795e+02 -1.7000e+01 1.9775e+03 2.0930e+01 1.0120e+02 2.0621e+01 2.9911e+01 1.6377e+01
7.0795e+02 7.0795e+02 -1.7000e+01 3.8290e+02 1.8804e+01 5.9036e+00 1.8794e+01 5.1394e+00 1.7319e+01
7.0795e+02 7.0795e+02 -1.7000e+01 1.9114e+02 2.3412e+01 9.4243e+00 2.4517e+01 6.9863e+00 2.0868e+01
7.0795e+02 7.0795e+02 -1.7000e+01 1.2219e+02 2.2481e+01 5.4802e+01 2.2282e+01 9.3262e+00 2.2362e+01
7.9433e+02 7.9433e+02 -1.8000e+01 4.1397e+02 3.8551e+02 1.0598e+01 2.3601e+01 6.4853e+00 2.0740e+01
7.9433e+02 7.9433e+02 -1.8000e+01 1.2166e+03 6.3261e+02 8.4592e+01 2.6134e+01 1.3764e+01 2.5526e+01
7.9433e+02 7.9433e+02 -1.8000e+01 3.3019e+01 2.0047e+01 8.6129e+00 2.0053e+01 7.0484e+00 1.8131e+01
7.9433e+02 7.9433e+02 -1.8000e+01 1.4117e+04 3.7053e+02 1.2781e+03 1.5774e+03 7.0220e+01 2.7956e+01
7.9433e+02 7.9433e+02 -1.8000e+01 4.5769e+02 4.0679e+02 1.5957e+01 2.5798e+01 1.0147e+01 2.5279e+01
7.9433e+02 7.9433e+02 -1.8000e+01 5.0766e+02 5.7397e+02 8.1772e+01 4.9611e+01 1.6627e+00 1.5167e+01
7.9433e+02 7.9433e+02 -1.8000e+01 1.1218e+02 8.9918e+02 7.1224e+00 2.6863e+01 4.7619e+00 2.6076e+01
7.9433e+02 7.9433e+02 -1.8000e+01 1.6885e+03 6.4289e+03 3.6849e+02 3.3705e+02 2.4886e+01 2.2057e+01
7.9433e+02 7.9433e+02 -1.8000e+01 9.1884e+02 5.3128e+01 1.2291e+02 5.7008e+01 9.1108e+00 2.1530e+01
7.9433e+02 7.9433e+02 -1.8000e+01 1.5935e+03 2.9337e+01 6.8067e+01 2.9573e+01 4.1413e+00 2.6829e+01
8.9125e+02 8.9125e+02 -1.9000e+01 2.4324e+02 1.2402e+02 6.6793e+00 2.6089e+01 6.7894e+00 2.6427e+01
8.9125e+02 8.9125e+02 -1.9000e+01 1.2903e+04 9.6525e+02 5.4211e+02 6.2515e+02 3.4393e+01 2.6222e+01
8.9125e+02 8.9125e+02 -1.9000e+01 1.6898e+02 2.5882e+01 5.8621e+00 2.5925e+01 4.6923e+00 2.3588e+01
8.9125e+02 8.9125e+02 -1.9000e+01 2.4377e+02 4.9903e+02 3.5167e+01 3.5415e+01 4.4598e+00 3.3673e+01
8.9125e+02 8.9125e+02 -1.9000e+01 6.1196e+02 9.4496e+02 9.9927e+01 3.6183e+01 3.0044e+01 3.4550e+01
8.9125e+02 8.9125e+02 -1.9000e+01 8.0906e+03 2.8877e+01 2.0611e+02 2.8866e+01 5.0655e+00 3.0472e+01
8.9125e+02 8.9125e+02 -1.9000e+01 1.1047e+02 1.6269e+03 1.0374e+01 2.9282e+01 7.4996e+00 2.6657e+01
8.9125e+02 8.9125e+02 -1.9000e+01 2.4181e+02 1.6989e+02 6.0566e+01 3.2144e+01 2.3954e+00 2.8912e+01
8.9125e+02 8.9125e+02 -1.9000e+01 2.2804e+02 7.7455e+01 1.2170e+02 1.3423e+02 2.8498e+01 2.7620e+01
8.9125e+02 8.9125e+02 -1.9000e+01 1.0937e+03 7.5715e+02 2.0674e+01 3.1425e+01 4.6839e+00 2.7523e+01
1.0000e+03 1.0000e+03 -2.0000e+01 9.0902e+02 1.2624e+02 8.8892e+01 2.7503e+01 2.4637e+00 2.5047e+01
1.0000e+03 1.0000e+03 -2.0000e+01 7.6256e+02 4.8847e+02 9.9078e+00 2.9688e+01 9.2314e+00 2.8273e+01
1.0000e+03 1.0000e+03 -2.0000e+01 4.8413e+03 4.4119e+05 2.1316e+04 3.4906e+04 1.1261e+02 3.8599e+01
1.0000e+03 1.0000e+03 -2.0000e+01 1.2428e+02 1.9958e+02 9.5041e+01 3.4972e+01 2.1547e+01 3.4105e+01
1.0000e+03 1.0000e+03 -2.0000e+01 9.5790e+01 2.0105e+02 4.3422e+01 3.1323e+01 1.7325e+01 2.7105e+01
1.0000e+03 1.0000e+03 -2.0000e+01 3.9945e+03 8.3162e+01 9.4507e+01 3.1512e+01 4.0810e+00 2.9162e+01
1.0000e+03 1.0000e+03 -2.0000e+01 2.1581e+02 1.5334e+02 1.0718e+01 3.8835e+01 1.0246e+01 3.9536e+01
1.0000e+03 1.0000e+03 -2.0000e+01 7.6126e+03 1.6666e+04 5.0944e+03 6.1412e+03 2.6688e+01 2.7166e+01
1.0000e+03 1.0000e+03 -2.0000e+01 6.6958e+01 3.2973e+01 1.1407e+01 3.1327e+01 1.1659e+01 2.6404e+01
1.0000e+03 1.0000e+03 -2.0000e+01 7.4303e+01 4.5453e+02 6.8203e+00 2.5947e+01 7.9150e+00 2.8078e+01
