# noise_perc_th noise_perc SNR_dB NN_nosym_f1 NN_nosym_f2 NN_postSR_f1_nosym NN_postSR_f2_nosym NN_sym_f1 NN_sym_f2 NN_postSR_f1 NN_postSR_f2 Param_f1 Param_f2
0.0000e+00 0.0000e+00 inf 1.2538e-03 1.2117e-03 1.1248e-03 1.1170e-03 7.2110e-04 7.3905e-04 6.8575e-05 3.1590e-05 8.6819e-16 6.2774e-16
0.0000e+00 0.0000e+00 inf 9.7870e-04 7.3940e-04 9.4399e-05 1.2453e-04 1.3723e-03 9.1900e-04 1.8382e-04 5.6530e-04 8.6819e-16 6.2774e-16
1.0000e+00 9.8807e-01 4.0000e+01 5.9565e-03 5.8328e-03 4.4213e-03 4.7854e-03 2.2967e-03 1.5286e-03 9.7035e-04 9.5193e-06 8.9899e-04 1.6381e-04
1.0000e+00 9.6942e-01 4.0000e+01 3.4672e-03 3.5743e-03 1.2873e-03 1.9979e-03 2.1334e-03 2.0999e-03 9.4215e-04 1.0879e-03 6.2177e-04 5.6286e-04
1.0000e+00 9.6041e-01 4.0000e+01 4.2918e-03 3.4208e-03 2.8532e-03 2.1082e-03 2.0898e-03 1.5181e-03 1.3201e-03 6.2827e-05 6.4884e-04 1.1234e-04
1.0000e+00 1.0211e+00 4.0000e+01 5.2596e-03 4.7836e-03 4.0622e-03 3.6622e-03 1.7128e-03 1.9578e-03 3.2177e-04 1.1450e-03 2.3514e-04 1.2533e-04
1.0000e+00 9.9981e-01 4.0000e+01 4.7355e-03 3.7085e-03 3.1697e-03 2.4852e-03 2.6469e-03 2.7848e-03 1.6691e-03 5.4598e-04 1.1577e-03 5.1308e-04
1.0000e+00 9.8384e-01 4.0000e+01 7.0451e-03 6.6121e-03 6.1234e-03 6.2019e-03 1.9729e-03 1.2679e-03 8.0164e-04 5.4040e-04 7.3213e-04 5.0091e-05
1.0000e+00 9.8839e-01 4.0000e+01 5.5501e-03 5.4356e-03 3.6411e-03 4.0410e-03 2.2522e-03 1.6765e-03 1.3998e-03 5.4401e-04 5.0407e-04 4.0260e-04
1.0000e+00 9.7308e-01 4.0000e+01 5.6343e-03 3.0724e-03 4.0503e-03 1.7458e-03 1.4827e-03 1.3597e-03 4.6600e-04 4.6969e-04 2.1871e-04 5.6694e-04
1.0000e+00 1.0030e+00 4.0000e+01 5.1474e-03 3.2033e-03 3.5320e-03 1.6062e-03 3.1924e-03 1.8211e-03 2.4370e-03 6.6840e-04 7.3665e-04 2.1974e-05
1.0000e+00 9.8322e-01 4.0000e+01 5.2350e-03 3.5271e-03 4.1581e-03 2.3060e-03 2.0620e-03 1.1137e-03 1.2656e-03 8.4832e-04 1.0744e-03 3.0420e-04
1.1220e+00 1.1306e+00 3.9000e+01 5.4203e-03 4.5510e-03 3.6888e-03 3.7892e-03 4.5034e-03 1.9876e-03 4.3987e-03 1.3388e-03 8.8387e-04 9.4277e-05
1.1220e+00 1.1560e+00 3.9000e+01 5.6583e-03 4.5749e-03 1.9706e-03 3.4361e-03 3.0515e-03 1.6138e-03 1.4664e-03 1.3311e-03 1.3602e-03 2.2543e-06
1.1220e+00 1.1097e+00 3.9000e+01 4.5899e-03 3.6059e-03 6.3162e-04 2.3923e-03 1.8098e-03 1.9985e-03 3.7816e-04 1.2428e-03 4.1000e-04 1.7940e-04
1.1220e+00 1.0816e+00 3.9000e+01 5.2760e-03 4.7546e-03 3.5025e-04 4.3377e-03 2.1578e-03 1.8680e-03 4.4721e-04 1.3127e-03 5.7577e-04 3.0337e-05
1.1220e+00 1.1144e+00 3.9000e+01 4.9671e-03 4.7549e-03 1.1934e-04 3.9160e-03 2.3942e-03 2.0545e-03 6.6299e-04 1.3308e-03 3.6698e-04 3.9839e-05
1.1220e+00 1.0888e+00 3.9000e+01 6.4815e-03 3.7883e-03 5.3308e-03 2.3077e-03 2.3732e-03 1.8715e-03 4.6089e-04 1.0888e-03 1.0575e-03 9.2605e-05
1.1220e+00 1.1327e+00 3.9000e+01 7.1764e-03 4.4438e-03 4.4290e-03 2.1662e-03 3.1626e-03 1.9217e-03 2.0713e-03 1.0465e-03 1.2320e-03 6.9172e-04
1.1220e+00 1.0977e+00 3.9000e+01 4.7464e-03 3.6307e-03 1.8947e-03 2.3246e-03 3.1032e-03 1.8863e-03 2.3095e-03 5.8738e-05 9.0329e-04 6.8675e-05
1.1220e+00 1.1310e+00 3.9000e+01 6.5824e-03 4.4570e-03 4.3422e-03 2.8777e-03 2.6539e-03 1.8677e-03 1.2658e-03 1.3844e-03 8.9412e-04 3.0869e-04
1.1220e+00 1.1177e+00 3.9000e+01 4.7052e-03 3.1228e-03 3.2125e-03 6.5302e-04 2.2451e-03 1.6123e-03 1.7132e-04 6.0797e-04 3.6533e-04 4.8937e-04
1.2589e+00 1.2230e+00 3.8000e+01 8.7844e-03 8.5528e-03 7.0341e-03 8.1935e-03 2.0199e-03 2.1912e-03 7.5569e-04 1.7643e-03 7.3071e-04 4.0034e-04
1.2589e+00 1.3040e+00 3.8000e+01 9.3576e-03 5.7503e-03 7.7305e-03 3.3759e-03 2.8981e-03 2.4374e-03 1.4596e-03 8.7979e-04 6.5479e-04 1.6268e-04
1.2589e+00 1.2410e+00 3.8000e+01 6.3658e-03 5.0238e-03 3.5630e-03 3.9719e-03 2.4525e-03 3.1189e-03 1.0614e-03 2.7183e-03 9.6821e-04 2.6638e-04
1.2589e+00 1.2559e+00 3.8000e+01 6.4252e-03 3.9933e-03 5.1050e-03 2.6201e-03 2.6708e-03 2.4406e-03 2.1622e-03 1.3182e-03 1.9196e-03 8.7647e-04
1.2589e+00 1.2621e+00 3.8000e+01 3.9461e-03 3.7493e-03 8.1008e-04 1.8596e-03 1.3419e-03 1.4553e-03 8.4613e-04 9.6034e-04 1.1168e-03 4.1300e-04
1.2589e+00 1.2832e+00 3.8000e+01 4.3170e-03 3.5007e-03 1.4131e-03 1.8795e-03 2.2830e-03 2.1628e-03 7.9600e-04 1.6835e-03 3.9380e-04 7.4769e-04
1.2589e+00 1.2492e+00 3.8000e+01 7.2823e-03 5.1167e-03 6.0363e-03 4.7153e-03 1.4747e-03 1.8735e-03 3.1391e-04 1.5999e-04 4.0709e-04 6.4131e-05
1.2589e+00 1.2464e+00 3.8000e+01 5.3166e-03 4.8801e-03 3.4322e-03 4.2233e-03 2.7154e-03 2.5512e-03 6.0970e-04 1.8489e-03 1.0219e-03 6.3984e-04
1.2589e+00 1.2958e+00 3.8000e+01 1.4068e-02 1.2067e-02 1.3391e-02 1.1280e-02 2.1150e-03 1.2361e-03 8.0178e-04 2.3460e-04 7.2415e-04 4.2029e-04
1.2589e+00 1.2904e+00 3.8000e+01 6.3486e-03 4.9440e-03 9.5058e-04 3.3997e-03 3.6493e-03 1.8781e-03 3.1226e-03 6.0063e-04 9.2467e-04 2.7469e-04
1.4125e+00 1.4049e+00 3.7000e+01 3.9032e-03 4.1786e-03 8.2183e-04 1.5728e-03 3.1986e-03 2.9362e-03 2.2236e-03 1.6281e-03 5.5784e-04 8.9526e-04
1.4125e+00 1.4188e+00 3.7000e+01 4.7687e-03 4.6301e-03 1.5230e-03 3.3455e-03 2.5138e-03 3.3793e-03 2.0893e-03 1.7309e-03 1.9149e-03 1.2464e-03
1.4125e+00 1.4438e+00 3.7000e+01 1.1319e-02 1.0301e-02 9.8843e-03 9.5823e-03 2.4339e-03 2.2466e-03 1.8001e-03 9.6885e-04 4.2344e-04 5.8475e-04
1.4125e+00 1.4251e+00 3.7000e+01 8.3130e-03 9.0418e-03 1.1211e-03 5.3460e-03 3.0410e-03 3.4127e-03 1.4131e-03 2.6799e-03 8.3672e-04 1.0983e-04
1.4125e+00 1.4015e+00 3.7000e+01 1.2906e-02 9.2824e-03 1.1690e-02 7.9964e-03 5.1555e-03 2.0095e-03 4.7185e-03 3.5722e-04 1.3165e-03 4.9268e-04
1.4125e+00 1.3919e+00 3.7000e+01 9.3124e-03 5.9943e-03 6.8696e-03 4.9877e-03 3.6509e-03 2.4690e-03 1.8479e-03 1.4125e-03 1.1814e-03 3.1335e-04
1.4125e+00 1.4415e+00 3.7000e+01 8.0262e-03 6.5027e-03 3.4346e-03 4.9880e-03 4.0122e-03 2.4766e-03 3.1241e-03 2.0887e-03 1.7278e-03 1.1341e-03
1.4125e+00 1.4378e+00 3.7000e+01 5.1413e-03 3.7892e-03 1.1406e-03 1.9749e-03 3.6284e-03 2.0638e-03 2.5777e-03 3.4072e-04 1.4250e-03 3.5337e-04
1.4125e+00 1.3767e+00 3.7000e+01 5.8605e-03 3.2139e-03 1.8259e-03 6.2306e-04 3.0124e-03 2.3664e-03 2.0534e-03 8.2550e-04 1.8363e-03 4.0392e-04
1.4125e+00 1.3646e+00 3.7000e+01 1.0292e-02 7.0511e-03 7.6189e-03 4.0790e-03 2.9458e-03 2.3268e-03 1.8714e-03 1.6975e-03 6.0076e-04 2.1122e-04
1.5849e+00 1.5967e+00 3.6000e+01 7.9104e-03 8.9500e-03 4.7384e-03 6.4508e-03 3.7784e-03 5.1400e-03 5.3300e-04 2.2555e-03 4.5290e-04 9.4842e-04
1.5849e+00 1.5717e+00 3.6000e+01 9.9460e-03 1.0269e-02 8.2605e-03 9.8012e-03 2.1553e-03 2.0291e-03 4.9944e-04 5.6425e-04 5.1143e-04 5.5369e-04
1.5849e+00 1.6353e+00 3.6000e+01 8.4499e-03 4.1694e-03 2.3000e-03 1.9958e-03 3.8000e-03 1.9239e-03 5.8129e-04 6.1495e-04 6.0885e-04 5.9182e-04
1.5849e+00 1.6084e+00 3.6000e+01 7.6397e-03 4.9168e-03 4.9670e-03 2.7282e-03 4.9854e-03 1.8518e-03 3.4324e-03 1.1816e-03 6.9443e-04 4.9702e-05
1.5849e+00 1.5505e+00 3.6000e+01 1.2098e-02 8.4344e-03 1.0887e-02 6.9991e-03 1.9109e-03 2.6394e-03 1.3981e-03 9.7733e-04 6.6257e-04 4.8774e-04
1.5849e+00 1.6241e+00 3.6000e+01 9.0344e-03 5.4745e-03 3.1084e-03 4.4808e-03 4.3239e-03 1.6829e-03 2.0652e-03 1.3257e-05 2.6163e-03 4.5449e-05
1.5849e+00 1.5650e+00 3.6000e+01 6.4379e-03 4.7825e-03 2.5329e-03 3.5241e-03 4.6098e-03 2.0771e-03 3.0887e-03 5.1263e-04 8.5246e-04 1.7876e-04
1.5849e+00 1.6287e+00 3.6000e+01 8.9621e-03 8.4554e-03 6.1280e-03 5.5546e-03 4.0466e-03 3.8830e-03 1.5270e-03 9.5856e-04 9.8254e-04 1.7187e-03
1.5849e+00 1.5573e+00 3.6000e+01 4.7518e-03 4.4288e-03 1.2360e-03 1.8672e-04 2.9335e-03 1.2751e-03 1.1891e-03 1.9673e-04 1.1377e-03 7.7228e-05
1.5849e+00 1.6036e+00 3.6000e+01 7.7438e-03 8.0190e-03 5.4557e-03 6.3689e-03 1.7666e-03 3.4656e-03 1.0141e-03 6.4167e-06 5.6709e-04 6.2364e-04
1.7783e+00 1.7495e+00 3.5000e+01 1.3096e-02 8.2098e-03 1.1551e-02 6.5838e-03 2.9572e-03 2.4375e-03 1.6523e-03 1.7211e-03 1.1678e-03 1.1795e-03
1.7783e+00 1.7686e+00 3.5000e+01 6.4881e-03 5.4248e-03 4.5015e-04 3.3082e-03 3.8938e-03 2.2211e-03 1.5596e-03 1.2925e-04 1.1496e-03 1.7017e-04
1.7783e+00 1.8226e+00 3.5000e+01 8.6179e-03 8.6648e-03 5.2922e-03 7.1054e-03 4.3445e-03 2.5642e-03 1.8919e-03 2.2674e-03 1.1000e-03 1.2342e-03
1.7783e+00 1.8135e+00 3.5000e+01 9.0598e-03 1.2268e-02 6.4029e-03 1.1180e-02 3.1344e-03 3.7584e-03 1.9124e-03 2.7513e-03 1.2949e-04 1.1466e-04
1.7783e+00 1.7594e+00 3.5000e+01 8.1688e-03 6.2884e-03 2.6928e-03 4.4350e-03 3.9802e-03 2.8201e-03 1.9728e-03 2.3117e-03 8.6575e-04 3.6078e-04
1.7783e+00 1.7898e+00 3.5000e+01 9.0107e-03 6.9077e-03 6.7424e-03 5.6083e-03 3.4745e-03 2.2513e-03 2.7917e-03 1.7253e-03 6.0151e-04 1.0383e-03
1.7783e+00 1.7695e+00 3.5000e+01 1.4882e-02 1.7081e-02 1.4025e-02 1.6090e-02 2.6374e-03 3.2997e-03 1.4729e-03 2.4988e-03 1.3263e-03 6.9088e-04
1.7783e+00 1.7947e+00 3.5000e+01 1.2038e-02 5.9338e-03 1.0637e-02 5.0820e-03 2.9418e-03 3.0094e-03 1.6306e-03 2.6335e-03 9.6583e-04 1.6149e-04
1.7783e+00 1.7087e+00 3.5000e+01 7.0929e-03 4.5473e-03 1.2160e-03 2.8458e-03 3.6739e-03 3.5542e-03 2.0339e-03 2.4965e-03 6.1844e-04 6.4460e-04
1.7783e+00 1.6607e+00 3.5000e+01 1.1448e-02 8.5671e-03 8.8993e-03 7.6228e-03 3.9689e-03 2.3187e-03 1.6148e-03 1.5371e-03 1.1899e-03 5.6901e-04
1.9953e+00 1.9509e+00 3.4000e+01 1.3753e-02 9.6426e-03 1.0201e-02 7.4611e-03 3.1053e-03 4.6631e-03 1.4727e-03 2.8272e-03 7.3446e-04 3.4985e-04
1.9953e+00 1.9594e+00 3.4000e+01 7.5538e-03 8.7580e-03 8.5056e-04 1.8132e-03 4.8037e-03 3.0683e-03 4.4562e-03 2.2533e-03 8.4654e-04 1.1694e-03
1.9953e+00 2.0333e+00 3.4000e+01 1.0909e-02 8.8920e-03 8.7553e-03 7.6802e-03 4.8787e-03 2.2404e-03 4.8283e-03 1.4962e-03 1.0216e-03 4.8556e-04
1.9953e+00 2.0657e+00 3.4000e+01 7.4490e-03 5.9570e-03 1.2580e-03 4.0515e-03 5.8351e-03 2.7694e-03 3.8911e-03 1.5450e-03 2.3509e-04 7.6247e-05
1.9953e+00 1.9584e+00 3.4000e+01 1.2245e-02 9.6860e-03 9.6996e-03 6.7112e-03 3.5091e-03 4.2524e-03 1.6038e-03 3.4985e-03 3.6258e-04 1.0030e-04
1.9953e+00 1.9610e+00 3.4000e+01 7.5677e-03 7.2587e-03 1.8359e-03 5.8704e-03 4.5855e-03 2.0570e-03 3.1696e-03 1.6148e-04 1.5689e-03 2.6449e-04
1.9953e+00 2.0384e+00 3.4000e+01 6.5580e-03 5.3925e-03 1.2996e-03 2.7890e-03 2.3355e-03 2.6671e-03 1.2360e-03 1.8802e-03 1.4389e-03 4.0554e-04
1.9953e+00 2.0102e+00 3.4000e+01 1.3170e-02 1.4567e-02 1.1705e-02 1.3482e-02 3.0798e-03 3.7846e-03 1.1436e-03 2.6784e-03 8.0193e-04 7.3032e-04
1.9953e+00 1.9878e+00 3.4000e+01 7.6921e-03 6.9668e-03 5.3253e-03 5.8771e-03 3.6339e-03 3.0398e-03 2.2871e-03 1.4693e-03 1.5440e-03 2.1617e-04
1.9953e+00 1.9655e+00 3.4000e+01 7.8480e-03 5.5483e-03 2.3133e-03 2.8372e-03 4.3405e-03 2.6445e-03 1.4272e-03 2.0421e-04 1.3003e-03 2.2689e-05
2.2387e+00 2.1628e+00 3.3000e+01 8.6992e-03 6.6378e-03 4.9547e-03 5.1131e-03 2.3292e-03 4.6142e-03 3.4495e-04 3.1856e-03 9.8736e-04 7.8743e-04
2.2387e+00 2.2879e+00 3.3000e+01 1.1728e-02 9.4954e-03 8.7323e-03 6.9896e-03 3.5407e-03 5.8883e-03 1.0699e-03 4.1165e-03 1.1129e-03 9.2693e-04
2.2387e+00 2.2378e+00 3.3000e+01 8.2332e-03 6.4949e-03 1.3069e-03 1.0538e-03 2.4981e-03 4.5447e-03 8.6114e-04 1.7389e-03 8.0119e-04 5.9032e-04
2.2387e+00 2.3120e+00 3.3000e+01 1.2830e-02 1.0785e-02 1.0725e-02 8.3278e-03 3.4534e-03 2.9820e-03 2.8062e-03 1.6050e-03 1.3934e-03 8.7483e-04
2.2387e+00 2.2520e+00 3.3000e+01 1.5420e-02 1.4512e-02 1.3170e-02 1.2643e-02 4.6700e-03 3.2900e-03 4.9325e-03 2.7109e-03 2.0827e-03 2.4315e-04
2.2387e+00 2.1612e+00 3.3000e+01 1.1014e-02 6.9333e-03 8.3613e-03 5.6393e-03 4.2176e-03 3.4441e-03 2.1140e-03 1.9107e-03 1.1280e-03 4.5092e-04
2.2387e+00 2.2673e+00 3.3000e+01 1.1599e-02 5.0952e-03 1.7679e-03 1.3708e-04 2.6594e-03 2.7110e-03 6.7215e-04 1.5155e-03 6.4480e-04 4.2198e-04
2.2387e+00 2.2666e+00 3.3000e+01 1.3701e-02 1.2032e-02 2.2083e-03 8.7058e-03 4.6564e-03 4.7404e-03 2.5064e-03 2.8424e-03 2.1645e-03 4.4862e-04
2.2387e+00 2.2999e+00 3.3000e+01 1.3793e-02 1.4548e-02 1.1317e-02 1.2893e-02 4.8920e-03 2.7857e-03 1.3118e-03 2.0328e-03 1.1807e-03 5.5844e-04
2.2387e+00 2.1641e+00 3.3000e+01 1.0885e-02 6.3717e-03 6.7326e-03 5.2805e-03 4.1003e-03 3.3576e-03 2.3622e-03 2.6181e-03 5.9478e-04 2.0722e-04
2.5119e+00 2.5347e+00 3.2000e+01 2.2917e-02 1.5935e-02 2.0082e-02 1.4784e-02 3.7834e-03 4.2369e-03 2.2277e-03 2.3869e-03 1.0039e-04 2.9754e-04
2.5119e+00 2.5543e+00 3.2000e+01 1.2784e-02 1.0668e-02 8.9830e-03 9.2132e-03 4.6127e-03 3.1904e-03 1.1549e-03 1.9458e-03 1.7909e-03 4.2473e-04
2.5119e+00 2.5186e+00 3.2000e+01 1.3148e-02 9.4907e-03 7.5457e-03 6.6760e-03 3.6625e-03 3.7719e-03 1.2068e-03 2.9219e-03 7.0444e-04 1.5019e-03
2.5119e+00 2.5069e+00 3.2000e+01 8.8363e-03 8.2636e-03 5.1095e-03 1.0588e-03 4.4453e-03 4.3857e-03 2.9213e-03 3.7443e-03 1.1738e-03 4.6280e-04
2.5119e+00 2.4798e+00 3.2000e+01 1.3700e-02 1.6358e-02 8.1432e-03 1.4334e-02 4.3359e-03 3.4429e-03 1.2405e-03 1.3144e-03 1.1859e-04 4.1811e-04
2.5119e+00 2.5070e+00 3.2000e+01 1.4695e-02 1.4598e-02 9.8718e-03 1.1960e-02 3.2829e-03 4.0014e-03 2.9691e-04 1.3271e-03 5.7075e-04 1.7531e-04
2.5119e+00 2.4949e+00 3.2000e+01 1.1564e-02 1.0084e-02 2.9612e-03 8.1217e-03 5.7603e-03 3.6455e-03 4.3761e-03 1.9740e-03 2.6337e-03 5.9500e-04
2.5119e+00 2.5390e+00 3.2000e+01 1.5604e-02 1.9598e-02 1.2030e-02 1.7725e-02 4.6817e-03 3.9404e-03 7.4054e-04 3.0948e-03 5.8240e-04 2.0436e-03
2.5119e+00 2.4350e+00 3.2000e+01 1.7175e-02 1.8212e-02 1.4966e-02 1.6854e-02 5.7326e-03 5.1782e-03 3.2894e-03 4.3509e-03 2.7079e-03 1.9624e-04
2.5119e+00 2.5772e+00 3.2000e+01 1.3906e-02 1.1981e-02 1.1183e-02 1.0299e-02 4.2434e-03 3.8884e-03 2.3908e-03 3.3469e-03 2.1823e-03 2.9986e-03
2.8184e+00 2.9022e+00 3.1000e+01 2.2711e-02 2.2893e-02 2.0259e-02 2.1852e-02 5.5036e-03 4.6408e-03 6.0653e-03 4.1965e-03 2.2028e-03 1.6299e-03
2.8184e+00 2.7994e+00 3.1000e+01 1.4767e-02 7.6126e-03 9.9294e-03 3.9793e-03 4.1837e-03 4.2291e-03 2.8730e-03 2.4128e-03 8.5748e-04 6.1502e-04
2.8184e+00 2.8190e+00 3.1000e+01 2.1823e-02 2.0042e-02 1.9505e-02 1.8496e-02 3.2037e-03 6.3033e-03 1.8722e-03 5.0149e-03 1.4016e-03 4.8535e-04
2.8184e+00 2.7675e+00 3.1000e+01 1.1277e-02 1.2333e-02 1.9459e-03 9.7281e-03 6.2545e-03 4.8216e-03 9.7443e-04 3.0775e-03 2.1705e-03 2.9750e-04
2.8184e+00 2.7425e+00 3.1000e+01 1.3556e-02 1.1616e-02 2.8585e-03 5.9161e-05 4.5832e-03 3.8782e-03 3.9485e-03 2.1711e-04 8.9649e-04 2.5739e-04
2.8184e+00 2.7992e+00 3.1000e+01 1.5654e-02 1.2528e-02 1.1638e-02 1.0571e-02 5.1375e-03 2.9144e-03 2.0332e-03 1.0314e-03 1.3199e-03 4.8804e-04
2.8184e+00 2.7948e+00 3.1000e+01 2.0590e-02 2.1154e-02 1.8358e-02 2.1423e-02 4.7532e-03 4.6118e-03 2.4996e-03 3.9345e-03 2.0372e-03 1.3432e-03
2.8184e+00 2.8089e+00 3.1000e+01 9.4012e-03 9.0679e-03 4.3294e-03 7.5091e-03 2.6323e-03 3.4676e-03 1.6484e-03 2.0388e-03 8.3975e-04 1.7162e-05
2.8184e+00 2.7278e+00 3.1000e+01 1.1392e-02 1.3263e-02 8.1560e-03 1.0820e-02 3.2866e-03 4.9103e-03 1.4502e-03 4.3074e-03 1.4927e-03 7.9910e-04
2.8184e+00 2.8181e+00 3.1000e+01 1.4685e-02 1.1339e-02 1.0487e-02 8.1524e-03 4.9122e-03 4.7214e-03 3.6426e-03 3.2978e-03 1.8315e-03 8.1028e-04
3.1623e+00 3.3546e+00 3.0000e+01 1.1123e-02 1.0519e-02 3.0053e-03 5.8617e-03 5.8066e-03 4.9443e-03 2.8936e-03 4.2027e-03 2.6700e-03 5.3739e-04
3.1623e+00 3.1072e+00 3.0000e+01 1.0533e-02 1.1814e-02 1.2136e-03 8.3382e-03 3.9764e-03 3.0401e-03 2.8979e-03 1.0915e-03 1.0714e-03 9.6239e-04
3.1623e+00 3.2314e+00 3.0000e+01 2.1567e-02 1.5216e-02 1.8863e-02 1.2554e-02 6.4687e-03 4.9755e-03 1.9674e-03 3.3617e-03 1.6315e-03 3.9376e-04
3.1623e+00 3.1572e+00 3.0000e+01 1.1831e-02 1.2984e-02 3.3796e-03 8.0967e-03 4.9550e-03 6.5993e-03 4.0471e-03 5.4416e-03 1.8897e-03 1.9110e-03
3.1623e+00 3.1270e+00 3.0000e+01 2.7983e-02 2.1965e-02 2.5610e-02 2.1083e-02 4.9506e-03 3.8946e-03 2.2853e-03 2.5901e-03 1.7054e-03 7.3053e-04
3.1623e+00 3.1193e+00 3.0000e+01 1.8158e-02 1.6299e-02 1.2374e-02 1.4695e-02 4.8074e-03 2.7623e-03 1.6900e-03 1.8559e-03 6.2006e-04 1.8081e-03
3.1623e+00 3.1282e+00 3.0000e+01 1.8680e-02 1.8832e-02 1.4345e-02 1.5692e-02 7.3580e-03 3.5488e-03 3.7531e-03 3.0795e-03 2.7686e-03 7.9739e-04
3.1623e+00 3.2160e+00 3.0000e+01 1.6277e-02 1.7569e-02 9.1290e-03 1.2429e-02 3.4835e-03 3.0833e-03 7.6903e-04 7.9588e-04 1.0890e-03 8.4211e-04
3.1623e+00 3.0411e+00 3.0000e+01 2.3247e-02 2.5107e-02 2.0982e-02 2.3537e-02 6.6142e-03 4.9448e-03 6.0853e-03 4.3251e-03 1.3357e-03 8.9839e-04
3.1623e+00 3.1989e+00 3.0000e+01 1.6120e-02 1.2296e-02 1.3197e-02 8.2702e-03 2.6955e-03 4.1623e-03 1.7458e-03 3.2742e-03 5.1131e-04 1.0657e-03
3.5481e+00 3.5408e+00 2.9000e+01 1.5623e-02 1.3791e-02 9.1702e-03 7.3632e-03 4.3541e-03 6.3814e-03 7.3833e-04 4.9764e-03 1.2102e-03 6.7730e-04
3.5481e+00 3.4445e+00 2.9000e+01 1.7140e-02 2.1148e-02 1.1044e-02 1.8808e-02 4.2710e-03 5.8179e-03 6.2311e-04 4.3192e-03 1.8514e-03 1.6400e-03
3.5481e+00 3.6788e+00 2.9000e+01 2.5744e-02 2.0277e-02 2.2128e-02 1.7317e-02 7.3781e-03 6.9100e-03 4.4959e-03 5.0645e-03 2.9320e-03 1.0876e-03
3.5481e+00 3.5190e+00 2.9000e+01 1.6121e-02 1.5338e-02 3.8775e-03 1.3736e-02 9.2575e-03 8.4780e-03 2.3472e-03 6.6696e-03 1.1011e-03 9.3745e-04
3.5481e+00 3.6743e+00 2.9000e+01 2.2921e-02 1.5268e-02 1.9292e-02 1.1792e-02 5.9437e-03 4.2583e-03 4.8229e-03 2.4351e-03 2.3083e-03 1.1026e-03
3.5481e+00 3.6324e+00 2.9000e+01 1.7525e-02 1.5691e-02 7.3150e-03 1.2183e-02 6.4178e-03 4.2929e-03 3.4563e-03 2.3897e-03 1.7266e-03 3.8139e-04
3.5481e+00 3.4747e+00 2.9000e+01 1.3945e-02 1.2990e-02 7.5408e-03 8.1321e-03 4.9713e-03 7.4899e-03 2.5830e-03 4.8499e-04 1.7124e-03 1.2404e-03
3.5481e+00 3.4984e+00 2.9000e+01 2.1279e-02 1.5256e-02 1.8826e-02 1.1465e-02 4.9318e-03 4.5220e-03 4.9963e-03 3.4537e-03 1.5798e-03 1.9890e-03
3.5481e+00 3.5287e+00 2.9000e+01 1.2143e-02 1.0933e-02 2.4651e-03 6.5407e-03 4.7428e-03 5.3047e-03 2.0589e-03 3.4187e-03 2.1731e-03 2.7873e-04
3.5481e+00 3.5439e+00 2.9000e+01 2.0693e-02 1.7728e-02 1.6633e-02 1.5427e-02 8.1299e-03 4.3623e-03 5.1752e-03 2.9017e-03 2.8540e-03 2.0208e-04
3.9811e+00 4.0388e+00 2.8000e+01 1.6695e-02 1.2822e-02 9.9043e-03 8.2011e-03 6.0184e-03 4.9289e-03 4.7390e-03 3.4723e-03 9.0543e-04 2.4573e-04
3.9811e+00 3.8305e+00 2.8000e+01 2.0609e-02 1.3085e-02 1.5562e-02 8.2789e-03 8.4339e-03 4.3002e-03 6.5327e-03 3.3282e-05 3.0433e-03 1.7539e-03
3.9811e+00 4.0512e+00 2.8000e+01 1.7606e-02 1.3065e-02 1.6019e-03 1.9715e-03 5.7435e-03 5.6306e-03 1.2160e-03 4.5323e-03 9.3410e-04 2.6445e-03
3.9811e+00 3.9793e+00 2.8000e+01 2.1005e-02 1.9833e-02 1.8148e-02 1.4762e-02 5.2051e-03 8.2672e-03 4.7555e-03 5.3088e-03 3.7371e-03 6.0266e-04
3.9811e+00 3.9129e+00 2.8000e+01 1.5710e-02 1.6557e-02 3.5294e-03 6.8880e-03 5.5538e-03 5.1807e-03 3.8824e-03 3.2932e-03 4.9048e-03 1.3497e-03
3.9811e+00 3.9746e+00 2.8000e+01 2.1602e-02 1.4871e-02 1.5984e-02 1.2974e-02 7.2919e-03 4.7779e-03 2.8238e-03 3.5978e-03 1.8318e-03 1.5647e-03
3.9811e+00 3.7755e+00 2.8000e+01 1.8408e-02 1.2679e-02 3.0363e-03 6.6966e-03 4.3283e-03 5.2455e-03 1.9427e-03 4.4557e-03 1.3332e-03 4.2143e-04
3.9811e+00 4.0304e+00 2.8000e+01 1.4775e-02 1.2946e-02 5.0532e-03 7.3906e-03 9.4522e-03 5.7648e-03 6.9604e-03 3.2198e-03 2.8302e-03 6.9281e-04
3.9811e+00 4.0430e+00 2.8000e+01 1.9483e-02 1.6243e-02 1.3885e-02 1.2499e-02 6.9561e-03 3.7585e-03 5.0127e-03 2.4016e-03 2.4277e-03 1.4986e-03
3.9811e+00 4.2051e+00 2.8000e+01 2.6107e-02 1.8317e-02 1.7563e-02 1.4640e-02 5.9882e-03 3.6750e-03 2.8138e-03 2.6866e-03 1.2843e-03 6.0369e-04
4.4668e+00 4.3443e+00 2.7000e+01 1.6087e-02 1.3017e-02 1.2901e-03 1.6157e-03 6.4555e-03 6.2926e-03 3.4763e-03 4.7711e-03 1.2747e-03 2.3705e-04
4.4668e+00 4.4106e+00 2.7000e+01 2.1987e-02 1.8070e-02 2.3274e-03 1.4551e-02 6.2176e-03 7.4520e-03 8.9174e-04 5.5461e-03 1.5034e-03 1.8759e-04
4.4668e+00 4.4614e+00 2.7000e+01 2.0976e-02 2.0532e-02 1.7880e-03 1.4018e-02 1.0392e-02 6.4838e-03 2.3876e-03 3.2778e-03 8.4326e-04 8.0915e-04
4.4668e+00 4.4165e+00 2.7000e+01 2.5442e-02 1.9323e-02 1.5984e-02 1.7333e-02 9.4154e-03 5.5096e-03 1.6541e-03 4.5954e-03 2.4814e-03 1.5478e-03
4.4668e+00 4.2475e+00 2.7000e+01 1.9783e-02 2.0907e-02 1.0587e-02 1.8988e-02 8.7939e-03 5.1801e-03 1.4913e-03 2.8253e-03 3.0787e-03 1.0980e-03
4.4668e+00 4.3820e+00 2.7000e+01 2.7450e-02 2.6912e-02 2.2071e-02 2.3435e-02 5.4856e-03 6.5137e-03 3.5258e-03 4.9274e-03 2.0714e-03 1.0273e-04
4.4668e+00 4.3529e+00 2.7000e+01 2.6861e-02 1.8759e-02 2.2305e-02 1.6234e-02 7.0253e-03 5.9414e-03 6.6030e-03 3.1494e-03 2.8808e-03 4.7668e-04
4.4668e+00 4.4415e+00 2.7000e+01 1.4944e-02 1.8731e-02 4.3048e-03 2.3361e-03 5.8556e-03 8.2306e-03 3.3139e-03 5.8790e-03 1.9398e-03 2.4261e-03
4.4668e+00 4.4945e+00 2.7000e+01 1.6329e-02 1.4006e-02 4.8118e-03 9.4807e-03 6.4133e-03 5.1101e-03 5.1761e-03 4.5795e-03 4.1571e-03 6.7953e-04
4.4668e+00 4.4498e+00 2.7000e+01 1.7670e-02 1.3352e-02 6.2537e-03 9.2454e-03 6.8943e-03 6.2942e-03 3.9971e-03 5.9368e-03 5.1949e-03 4.1538e-03
5.0119e+00 4.9085e+00 2.6000e+01 3.3096e-02 2.8546e-02 2.6938e-02 2.4407e-02 5.8418e-03 6.5011e-03 2.6491e-03 3.6517e-03 1.8125e-03 1.4904e-03
5.0119e+00 4.9272e+00 2.6000e+01 1.5176e-02 1.3254e-02 5.0964e-03 7.3811e-03 6.6366e-03 5.5549e-03 3.4522e-03 1.7085e-03 2.4572e-03 3.0206e-03
5.0119e+00 5.2221e+00 2.6000e+01 1.6585e-02 1.9108e-02 2.6936e-03 1.1171e-02 4.7955e-03 7.9452e-03 2.9501e-03 7.3649e-03 1.6614e-03 4.0727e-04
5.0119e+00 5.2060e+00 2.6000e+01 4.2211e-02 3.2923e-02 3.5524e-02 2.9495e-02 6.7394e-03 6.0002e-03 4.3960e-03 2.8231e-03 1.2340e-03 1.2246e-03
5.0119e+00 4.8657e+00 2.6000e+01 2.3037e-02 2.2433e-02 1.7289e-02 1.7760e-02 7.0637e-03 6.1286e-03 4.2624e-03 5.6101e-03 2.0973e-03 1.5149e-03
5.0119e+00 5.0367e+00 2.6000e+01 2.5828e-02 2.1378e-02 1.7923e-02 1.0632e-02 6.1038e-03 6.7917e-03 1.8126e-03 5.2288e-03 3.3827e-03 1.2537e-03
5.0119e+00 4.9995e+00 2.6000e+01 1.9282e-02 1.4011e-02 1.1451e-03 8.6627e-03 8.8344e-03 8.3010e-03 9.7341e-04 6.9770e-03 1.1836e-03 6.9731e-04
5.0119e+00 5.0577e+00 2.6000e+01 4.3890e-02 3.8384e-02 4.0412e-02 3.3277e-02 1.0666e-02 1.0205e-02 4.1217e-03 1.0488e-02 1.6947e-03 1.3578e-03
5.0119e+00 5.1054e+00 2.6000e+01 2.5683e-02 2.0228e-02 1.7655e-02 1.5808e-02 1.1275e-02 7.4585e-03 8.8090e-03 6.2832e-03 2.5011e-03 3.3951e-04
5.0119e+00 5.0477e+00 2.6000e+01 1.8174e-02 1.5213e-02 1.0002e-03 9.0873e-03 5.8013e-03 6.7211e-03 1.6864e-03 3.7450e-04 2.1052e-03 3.4458e-03
5.6234e+00 5.6930e+00 2.5000e+01 4.9921e-02 4.3402e-02 4.6001e-02 3.7751e-02 7.2411e-03 6.0627e-03 8.0547e-04 1.9365e-03 1.9506e-03 6.0267e-04
5.6234e+00 5.3663e+00 2.5000e+01 4.7159e-02 3.7686e-02 4.2328e-02 3.6449e-02 4.8257e-03 3.2089e-03 3.9883e-03 8.6054e-04 9.4207e-04 9.3759e-04
5.6234e+00 5.7241e+00 2.5000e+01 3.7191e-02 3.0732e-02 3.2587e-02 2.5012e-02 6.4337e-03 8.0019e-03 9.0860e-04 7.0069e-04 9.3715e-04 3.0639e-04
5.6234e+00 5.5510e+00 2.5000e+01 2.2378e-02 1.9246e-02 5.2244e-03 1.7223e-03 8.6136e-03 4.5381e-03 4.4829e-03 1.5814e-03 6.3957e-03 5.0267e-04
5.6234e+00 5.4912e+00 2.5000e+01 4.0453e-02 4.4012e-02 3.6583e-02 3.9925e-02 9.1513e-03 1.0147e-02 6.3151e-03 9.5479e-03 5.1326e-03 1.9950e-04
5.6234e+00 5.6353e+00 2.5000e+01 2.0928e-02 2.0613e-02 5.1587e-03 8.2943e-03 1.0790e-02 5.1336e-03 5.2042e-03 9.8112e-04 3.7058e-03 1.1893e-03
5.6234e+00 5.7650e+00 2.5000e+01 3.5784e-02 2.8723e-02 3.3558e-02 2.2148e-02 1.1797e-02 1.1067e-02 1.0463e-02 9.1759e-03 6.2795e-03 3.7786e-04
5.6234e+00 5.7441e+00 2.5000e+01 2.3299e-02 2.1329e-02 8.0170e-03 1.9576e-02 7.9911e-03 8.5171e-03 6.6838e-03 7.6133e-03 6.0253e-03 5.8657e-03
5.6234e+00 5.6222e+00 2.5000e+01 2.0587e-02 1.8089e-02 6.9683e-03 1.6255e-03 1.1053e-02 4.9328e-03 8.9451e-03 3.6322e-03 2.6193e-03 4.5406e-04
5.6234e+00 5.5388e+00 2.5000e+01 2.9035e-02 1.9922e-02 1.9368e-02 1.3073e-02 1.4752e-02 6.4885e-03 1.2194e-02 3.8465e-04 5.3941e-03 1.0451e-03
6.3096e+00 6.2053e+00 2.4000e+01 2.6492e-02 2.9139e-02 1.9894e-02 2.3445e-02 6.5366e-03 9.9817e-03 2.9174e-03 5.2127e-03 8.4681e-04 2.3882e-03
6.3096e+00 6.1502e+00 2.4000e+01 3.4297e-02 2.8044e-02 1.9934e-02 2.2794e-02 1.0552e-02 1.4247e-02 1.0170e-03 1.1441e-02 3.5232e-03 9.7485e-04
6.3096e+00 6.5451e+00 2.4000e+01 2.3695e-02 1.9433e-02 5.5995e-03 1.5581e-03 8.0121e-03 7.4105e-03 3.6752e-03 2.8913e-03 5.0066e-03 2.2922e-03
6.3096e+00 6.4178e+00 2.4000e+01 2.8118e-02 1.1579e-02 2.0147e-02 8.2097e-03 1.5825e-02 7.4826e-03 1.4682e-02 6.0010e-03 5.8376e-03 3.2660e-03
6.3096e+00 6.2396e+00 2.4000e+01 2.8903e-02 2.6406e-02 2.4575e-02 1.9962e-02 6.8427e-03 9.6259e-03 4.0742e-03 7.2368e-03 3.1902e-03 3.5296e-03
6.3096e+00 6.4314e+00 2.4000e+01 2.8606e-02 2.8071e-02 1.7388e-02 2.3649e-02 1.2446e-02 1.1953e-02 2.6832e-03 1.0730e-02 1.8654e-04 3.3344e-03
6.3096e+00 6.2185e+00 2.4000e+01 3.4649e-02 3.7699e-02 3.8200e-02 3.2417e-02 8.6571e-03 1.0758e-02 4.3089e-03 2.6957e-03 1.9294e-03 7.1739e-04
6.3096e+00 6.1752e+00 2.4000e+01 2.1196e-02 2.3490e-02 1.2600e-02 1.8595e-02 9.4190e-03 1.5094e-02 4.3550e-03 1.3172e-02 2.2660e-03 1.4718e-03
6.3096e+00 6.3202e+00 2.4000e+01 4.3333e-02 4.4239e-02 3.9702e-02 4.0162e-02 8.9473e-03 1.0530e-02 6.1732e-03 6.9554e-03 1.3417e-03 3.1585e-03
6.3096e+00 6.0991e+00 2.4000e+01 4.2276e-02 3.8873e-02 3.6870e-02 3.3250e-02 1.1531e-02 8.0770e-03 4.0512e-03 4.8020e-04 6.1583e-03 2.9733e-05
7.0795e+00 6.8264e+00 2.3000e+01 3.5321e-02 2.9712e-02 6.6606e-03 2.5177e-02 9.9685e-03 8.8313e-03 3.1143e-03 6.6448e-03 4.0541e-03 2.9668e-03
7.0795e+00 6.9297e+00 2.3000e+01 2.3571e-02 1.2080e-02 4.0375e-03 6.6953e-03 1.0056e-02 1.2308e-02 8.6079e-03 1.1528e-02 2.9649e-03 1.6345e-03
7.0795e+00 7.1857e+00 2.3000e+01 3.9155e-02 3.4271e-02 3.2711e-02 2.8010e-02 1.4644e-02 1.1487e-02 7.7036e-03 9.2842e-03 4.2149e-03 1.8822e-03
7.0795e+00 7.1816e+00 2.3000e+01 3.1789e-02 3.0837e-02 4.2368e-03 2.2929e-02 1.1902e-02 7.0979e-03 4.9006e-03 6.5034e-03 1.3773e-03 2.1033e-03
7.0795e+00 7.1969e+00 2.3000e+01 2.8889e-02 2.3806e-02 2.0302e-02 4.5088e-03 1.4677e-02 1.0513e-02 1.1363e-02 7.5287e-03 7.2678e-03 1.7911e-03
7.0795e+00 6.9345e+00 2.3000e+01 3.1912e-02 2.6020e-02 1.9312e-02 1.8998e-02 1.1103e-02 1.1693e-02 3.2059e-03 8.1239e-03 7.8645e-04 1.8971e-03
7.0795e+00 7.0986e+00 2.3000e+01 2.4628e-02 2.6472e-02 1.8372e-02 1.7758e-02 5.5003e-03 1.1626e-02 3.1039e-03 9.9521e-03 4.2890e-03 9.2461e-04
7.0795e+00 7.0777e+00 2.3000e+01 4.5187e-02 4.2893e-02 3.4251e-02 3.5836e-02 1.3774e-02 7.9051e-03 9.8577e-03 5.8968e-03 3.8407e-03 2.6311e-03
7.0795e+00 6.9839e+00 2.3000e+01 2.2958e-02 1.2584e-02 2.7848e-03 3.3225e-03 1.0397e-02 5.5273e-03 4.3569e-03 1.8839e-03 7.3599e-03 9.5392e-04
7.0795e+00 7.0947e+00 2.3000e+01 2.4988e-02 2.2902e-02 1.9826e-02 1.5691e-02 1.0792e-02 8.1241e-03 8.1835e-03 5.2210e-03 5.0328e-04 2.5214e-03
7.9433e+00 8.1983e+00 2.2000e+01 5.0913e-02 5.1004e-02 4.3376e-02 4.2860e-02 1.5702e-02 1.5333e-02 7.6194e-03 1.4073e-02 3.9373e-03 4.2616e-03
7.9433e+00 8.1089e+00 2.2000e+01 3.5914e-02 2.8668e-02 2.7148e-02 2.4028e-02 1.5440e-02 1.2002e-02 1.0803e-02 1.0504e-02 4.2669e-03 4.3369e-03
7.9433e+00 7.6935e+00 2.2000e+01 2.3879e-02 3.1267e-02 1.0282e-02 2.1748e-02 1.1416e-02 1.0082e-02 9.0580e-03 9.3300e-03 5.3092e-03 1.7825e-03
7.9433e+00 7.9850e+00 2.2000e+01 4.1527e-02 2.6698e-02 2.7423e-02 1.9934e-02 9.4556e-03 8.0183e-03 5.6943e-03 6.2645e-03 6.0461e-03 1.6561e-03
7.9433e+00 8.3392e+00 2.2000e+01 3.7744e-02 3.3300e-02 2.0626e-02 2.3157e-02 1.7078e-02 1.0352e-02 1.4982e-02 6.3385e-03 6.6428e-03 1.3249e-03
7.9433e+00 8.0939e+00 2.2000e+01 3.7673e-02 2.9096e-02 3.3380e-02 2.1621e-02 1.3243e-02 9.8762e-03 9.1407e-03 8.2167e-03 5.1653e-03 1.8788e-03
7.9433e+00 7.8823e+00 2.2000e+01 4.6272e-02 3.1593e-02 2.6662e-02 2.2846e-02 1.1617e-02 6.4073e-03 4.6370e-03 3.7050e-03 2.6258e-03 1.3893e-04
7.9433e+00 7.9495e+00 2.2000e+01 4.9242e-02 4.1896e-02 4.4854e-02 3.7496e-02 1.3607e-02 8.5555e-03 1.1283e-02 5.9153e-03 7.2727e-03 3.2049e-03
7.9433e+00 7.9742e+00 2.2000e+01 2.8981e-02 2.4432e-02 5.1265e-03 1.9145e-02 1.1782e-02 8.0455e-03 9.9277e-03 6.6325e-03 2.8788e-03 1.7045e-03
7.9433e+00 7.5948e+00 2.2000e+01 3.4342e-02 2.6224e-02 2.0028e-02 1.8305e-02 1.2582e-02 6.3104e-03 1.0379e-02 5.6088e-03 6.5271e-03 8.5871e-04
8.9125e+00 8.8737e+00 2.1000e+01 3.6308e-02 3.8411e-02 1.8610e-02 2.3687e-02 1.1446e-02 9.2728e-03 4.8478e-03 4.4550e-03 4.7724e-03 2.8037e-03
8.9125e+00 8.8378e+00 2.1000e+01 3.2683e-02 3.0005e-02 1.1177e-03 2.0768e-02 1.1214e-02 8.1969e-03 5.8319e-03 5.5269e-03 7.2760e-03 2.5166e-04
8.9125e+00 8.9440e+00 2.1000e+01 6.6325e-02 5.7756e-02 6.0285e-02 4.9593e-02 1.1327e-02 1.5946e-02 4.6681e-03 1.1601e-02 4.4008e-03 5.9044e-03
8.9125e+00 9.0024e+00 2.1000e+01 5.1426e-02 5.1001e-02 4.4737e-02 4.3730e-02 1.0681e-02 1.1424e-02 8.5268e-03 8.3183e-03 7.6775e-03 6.6199e-03
8.9125e+00 8.8023e+00 2.1000e+01 4.3174e-02 3.4894e-02 2.0159e-02 2.6187e-02 1.4833e-02 1.3440e-02 2.4726e-03 1.0965e-02 5.0033e-03 6.8327e-04
8.9125e+00 9.1996e+00 2.1000e+01 6.3587e-02 5.0735e-02 5.0573e-02 4.4469e-02 1.7797e-02 1.1311e-02 6.9679e-03 9.6579e-03 6.5273e-03 2.1470e-03
8.9125e+00 8.9644e+00 2.1000e+01 6.4921e-02 5.5707e-02 5.6281e-02 5.0549e-02 1.6300e-02 8.4060e-03 1.5466e-02 4.8412e-03 7.0935e-03 9.5666e-04
8.9125e+00 9.0360e+00 2.1000e+01 3.6200e-02 3.3842e-02 2.0933e-02 2.0592e-02 1.3474e-02 1.9256e-02 1.0849e-02 1.6339e-02 5.3188e-03 1.2364e-04
8.9125e+00 8.9307e+00 2.1000e+01 4.3876e-02 4.4137e-02 3.1660e-02 2.7170e-02 1.4267e-02 1.4886e-02 4.4455e-03 1.1601e-02 4.3085e-03 4.3062e-03
8.9125e+00 8.8370e+00 2.1000e+01 3.0218e-02 2.6746e-02 4.7281e-03 6.1827e-03 1.1220e-02 1.1687e-02 6.2617e-03 5.0901e-03 2.0992e-03 6.6455e-03
1.0000e+01 9.9247e+00 2.0000e+01 3.2917e-02 2.7676e-02 1.9821e-02 1.8542e-02 1.7781e-02 1.7150e-02 6.9498e-03 1.6104e-02 4.4628e-03 4.8092e-03
1.0000e+01 9.7480e+00 2.0000e+01 3.6853e-02 2.7602e-02 8.8991e-03 1.9767e-02 1.6977e-02 1.5149e-02 9.2876e-03 1.3636e-02 8.2482e-03 3.5745e-03
1.0000e+01 9.9411e+00 2.0000e+01 4.2613e-02 3.9038e-02 2.6293e-02 2.2430e-02 1.8991e-02 1.6810e-02 1.4658e-02 1.5388e-02 5.3691e-03 2.8974e-03
1.0000e+01 1.0099e+01 2.0000e+01 6.5244e-02 5.8795e-02 5.5323e-02 4.7190e-02 1.2978e-02 1.7334e-02 6.6741e-03 1.4130e-02 9.3955e-03 3.3579e-03
1.0000e+01 1.0237e+01 2.0000e+01 6.3154e-02 4.3957e-02 5.2748e-02 2.8543e-02 1.3542e-02 8.2409e-03 6.0303e-03 6.4458e-03 7.2924e-03 9.0037e-04
1.0000e+01 9.9800e+00 2.0000e+01 5.8374e-02 7.1495e-02 6.3838e-02 6.3055e-02 1.8699e-02 1.9769e-02 1.6257e-02 1.6419e-02 1.1399e-02 7.8508e-03
1.0000e+01 1.0100e+01 2.0000e+01 3.9961e-02 3.7592e-02 2.6789e-02 2.4751e-02 1.3566e-02 2.6058e-02 8.0261e-03 2.0552e-02 6.3289e-03 6.0638e-03
1.0000e+01 9.5692e+00 2.0000e+01 3.6097e-02 2.4621e-02 1.7236e-02 1.5797e-02 1.7181e-02 1.0913e-02 1.6859e-02 6.6914e-03 4.0606e-03 3.0282e-03
1.0000e+01 9.8667e+00 2.0000e+01 4.8773e-02 5.1236e-02 2.0296e-02 3.5086e-02 8.7175e-03 1.0310e-02 3.0510e-03 5.3580e-03 2.0187e-03 2.4131e-03
1.0000e+01 1.0245e+01 2.0000e+01 9.8653e-02 7.8936e-02 9.2386e-02 7.0904e-02 2.0404e-02 1.6214e-02 2.0325e-02 1.4358e-02 8.3624e-03 6.0728e-03
1.1220e+01 1.1210e+01 1.9000e+01 4.6834e-02 5.1275e-02 2.7925e-02 3.0720e-02 1.5031e-02 2.0345e-02 1.0336e-02 1.9008e-02 7.4616e-03 1.5286e-03
1.1220e+01 1.1528e+01 1.9000e+01 6.2178e-02 4.9904e-02 3.5692e-02 2.9407e-02 2.3168e-02 1.2559e-02 1.3158e-02 1.0864e-03 5.9107e-03 2.9768e-03
1.1220e+01 1.1248e+01 1.9000e+01 5.1608e-02 3.2146e-02 1.9947e-02 1.8349e-02 2.8030e-02 1.4509e-02 2.4153e-02 3.3626e-03 8.6179e-03 4.9145e-03
1.1220e+01 1.1049e+01 1.9000e+01 4.4062e-02 4.6295e-02 9.3305e-03 9.5381e-03 2.1163e-02 1.3725e-02 1.7667e-02 1.1748e-02 2.1427e-03 9.4068e-03
1.1220e+01 1.1016e+01 1.9000e+01 7.0654e-02 5.5548e-02 4.5972e-02 4.3258e-02 1.4885e-02 2.7341e-02 1.6354e-02 1.9599e-02 4.6606e-03 1.4315e-03
1.1220e+01 1.1242e+01 1.9000e+01 6.7193e-02 7.3394e-02 5.8283e-02 6.8066e-02 1.8038e-02 1.6559e-02 1.1876e-02 1.3293e-02 1.0980e-02 8.2511e-04
1.1220e+01 1.1011e+01 1.9000e+01 4.2415e-02 3.5171e-02 8.2556e-03 2.0196e-02 1.4159e-02 2.0733e-02 8.8039e-03 1.7008e-02 5.3073e-03 1.1269e-03
1.1220e+01 1.0897e+01 1.9000e+01 3.0168e-02 3.3748e-02 1.2790e-02 1.7099e-02 1.3603e-02 1.3773e-02 1.2065e-02 1.1217e-02 1.0568e-02 2.8881e-03
1.1220e+01 1.1262e+01 1.9000e+01 6.1000e-02 3.7283e-02 4.6407e-02 2.6268e-02 1.4938e-02 1.1259e-02 1.2035e-02 7.4033e-03 3.4370e-03 3.1602e-03
1.1220e+01 1.1276e+01 1.9000e+01 3.7445e-02 3.8819e-02 1.6323e-02 1.8542e-02 1.9481e-02 1.2317e-02 1.6998e-02 9.7849e-03 6.6928e-03 5.1295e-04
1.2589e+01 1.2462e+01 1.8000e+01 4.6493e-02 5.4172e-02 2.6017e-02 3.6171e-02 1.4254e-02 1.0372e-02 6.8312e-03 9.0196e-03 9.9953e-03 8.3755e-03
1.2589e+01 1.2561e+01 1.8000e+01 7.9818e-02 6.1358e-02 6.9658e-02 4.4468e-02 1.7402e-02 1.2709e-02 2.2666e-03 9.0791e-03 2.3158e-03 2.4882e-03
1.2589e+01 1.2590e+01 1.8000e+01 3.9025e-02 4.1199e-02 2.0983e-02 5.8011e-03 1.6585e-02 2.5025e-02 1.0276e-02 2.0769e-02 9.9936e-03 6.2270e-03
1.2589e+01 1.2176e+01 1.8000e+01 6.3370e-02 5.7302e-02 4.7561e-02 4.6960e-02 1.5085e-02 2.6296e-02 3.4006e-03 1.8414e-02 3.7414e-03 6.3594e-03
1.2589e+01 1.2582e+01 1.8000e+01 5.7205e-02 4.7587e-02 5.0409e-02 3.4919e-02 2.2397e-02 1.7125e-02 1.6515e-02 1.3257e-02 5.4182e-03 1.6030e-04
1.2589e+01 1.2679e+01 1.8000e+01 3.7608e-02 3.7950e-02 2.5897e-02 2.2319e-02 1.0490e-02 1.1076e-02 8.2253e-03 1.0073e-02 7.2252e-03 3.6364e-03
1.2589e+01 1.2910e+01 1.8000e+01 6.0828e-02 6.4022e-02 3.0415e-02 5.4465e-02 3.4374e-02 2.2766e-02 2.6379e-02 2.0611e-02 2.6499e-02 6.3221e-03
1.2589e+01 1.3041e+01 1.8000e+01 6.8815e-02 4.7001e-02 4.9196e-02 2.6665e-02 3.0053e-02 9.5443e-03 2.0609e-02 1.2245e-03 2.4088e-03 2.6984e-03
1.2589e+01 1.2411e+01 1.8000e+01 5.0343e-02 5.3296e-02 4.0160e-02 4.0306e-02 1.8236e-02 1.8820e-02 5.2274e-03 9.3499e-03 3.5278e-03 3.8725e-03
1.2589e+01 1.1907e+01 1.8000e+01 6.4238e-02 5.2235e-02 4.4616e-02 3.4332e-02 2.3213e-02 1.4567e-02 5.8918e-03 9.3379e-03 4.7420e-03 1.5694e-03
1.4125e+01 1.4213e+01 1.7000e+01 7.1616e-02 6.4123e-02 5.6289e-02 4.4361e-02 1.6568e-02 2.1665e-02 9.5061e-03 2.0527e-02 6.6715e-03 7.5981e-03
1.4125e+01 1.4028e+01 1.7000e+01 4.0123e-02 5.5257e-02 2.5881e-02 1.5764e-02 1.9984e-02 2.6913e-02 1.9745e-02 1.7525e-02 7.4885e-03 2.5883e-04
1.4125e+01 1.4138e+01 1.7000e+01 5.2347e-02 4.3167e-02 1.9811e-02 2.1580e-02 2.1353e-02 2.0649e-02 1.9452e-02 1.9082e-03 9.9409e-03 1.4341e-03
1.4125e+01 1.4338e+01 1.7000e+01 4.4446e-02 5.1843e-02 1.2742e-02 4.2363e-02 1.5634e-02 1.6306e-02 1.1434e-02 1.0389e-02 1.0902e-02 1.2832e-03
1.4125e+01 1.4785e+01 1.7000e+01 6.9532e-02 7.3962e-02 5.2660e-02 3.8640e-02 2.8582e-02 4.4891e-02 1.9714e-02 1.0947e-02 1.2940e-02 9.9197e-03
1.4125e+01 1.3507e+01 1.7000e+01 6.7587e-02 6.6735e-02 5.9062e-02 5.5690e-02 1.0882e-02 8.6556e-03 5.8981e-03 5.3376e-03 7.6985e-03 5.4204e-03
1.4125e+01 1.3830e+01 1.7000e+01 6.8003e-02 6.2120e-02 5.1131e-02 4.6270e-02 2.0734e-02 1.3981e-02 2.0474e-02 1.0358e-02 1.5199e-02 2.2303e-03
1.4125e+01 1.4001e+01 1.7000e+01 5.0477e-02 4.5147e-02 2.0453e-02 2.1989e-02 2.4624e-02 2.1126e-02 1.9817e-02 1.7295e-02 7.0084e-03 8.4313e-03
1.4125e+01 1.4065e+01 1.7000e+01 6.7550e-02 6.0164e-02 3.9173e-02 3.5892e-02 3.1147e-02 1.4417e-02 2.5455e-02 1.0215e-02 1.3005e-02 2.0338e-03
1.4125e+01 1.3766e+01 1.7000e+01 1.2044e-01 1.1861e-01 1.1308e-01 1.0912e-01 1.8775e-02 1.2546e-02 6.7133e-03 1.0986e-02 6.1679e-03 2.6927e-03
1.5849e+01 1.6035e+01 1.6000e+01 7.5950e-02 6.9986e-02 5.2405e-02 1.5386e-02 2.4838e-02 2.6061e-02 2.4443e-02 1.6117e-02 2.1746e-02 3.0976e-03
1.5849e+01 1.6628e+01 1.6000e+01 1.0054e-01 7.8240e-02 9.2503e-02 6.4528e-02 1.6171e-02 1.6581e-02 3.4754e-03 1.3360e-02 5.7821e-03 1.2643e-03
1.5849e+01 1.6027e+01 1.6000e+01 1.2615e-01 8.4965e-02 1.0049e-01 6.0131e-02 3.5447e-02 2.6774e-02 7.5481e-03 2.0193e-02 1.0113e-03 3.7686e-03
1.5849e+01 1.6098e+01 1.6000e+01 1.3243e-01 1.3993e-01 1.2547e-01 1.2236e-01 2.8640e-02 1.6099e-02 2.4358e-02 6.5414e-03 8.7525e-03 1.4574e-03
1.5849e+01 1.5925e+01 1.6000e+01 4.8080e-02 5.6166e-02 1.0508e-02 2.0262e-02 2.2294e-02 2.2515e-02 1.6500e-02 1.7719e-02 1.7392e-02 9.2577e-03
1.5849e+01 1.6077e+01 1.6000e+01 7.5869e-02 7.3697e-02 5.2299e-02 7.0561e-02 2.3827e-02 2.4381e-02 1.4798e-02 1.8460e-02 7.3277e-03 8.3023e-03
1.5849e+01 1.5685e+01 1.6000e+01 5.7455e-02 8.2794e-02 5.4473e-02 6.5650e-02 2.1587e-02 1.4856e-02 1.6376e-02 7.4071e-03 1.4353e-02 4.1017e-03
1.5849e+01 1.6113e+01 1.6000e+01 9.1413e-02 9.6611e-02 7.9286e-02 8.5340e-02 2.7357e-02 2.3398e-02 1.3180e-02 2.0349e-02 4.5213e-03 1.1881e-02
1.5849e+01 1.5165e+01 1.6000e+01 5.2134e-02 4.4409e-02 1.9813e-02 1.1198e-03 1.9372e-02 2.0435e-02 7.3521e-03 1.6394e-02 2.8788e-03 3.0627e-04
1.5849e+01 1.5830e+01 1.6000e+01 1.2081e-01 1.1351e-01 1.0599e-01 1.0552e-01 2.3323e-02 1.9491e-02 2.1704e-02 1.5927e-02 1.0997e-02 8.4270e-05
1.7783e+01 1.7542e+01 1.5000e+01 6.1417e-02 5.0708e-02 1.9791e-02 3.1537e-02 2.4048e-02 1.4595e-02 4.1426e-03 2.9009e-04 8.1204e-03 5.7799e-04
1.7783e+01 1.7485e+01 1.5000e+01 8.3755e-02 8.1395e-02 7.4088e-02 6.5459e-02 3.7372e-02 2.9559e-02 3.4785e-02 2.3173e-02 7.3289e-03 2.8685e-03
1.7783e+01 1.6872e+01 1.5000e+01 9.0602e-02 6.6161e-02 5.5155e-02 4.9370e-02 1.9079e-02 1.4961e-02 1.2239e-02 1.0912e-02 4.5494e-03 1.4633e-03
1.7783e+01 1.7581e+01 1.5000e+01 9.0360e-02 7.8938e-02 7.7103e-02 4.6149e-02 2.2796e-02 3.8305e-02 4.2344e-03 2.9981e-02 9.1615e-04 2.3071e-02
1.7783e+01 1.8114e+01 1.5000e+01 9.8962e-02 9.2373e-02 7.6122e-02 4.9146e-02 2.4836e-02 2.4657e-02 1.6608e-02 1.7853e-02 4.0731e-03 4.4090e-03
1.7783e+01 1.7860e+01 1.5000e+01 1.6622e-01 1.5277e-01 1.5525e-01 1.4093e-01 3.2543e-02 2.2442e-02 2.3427e-02 2.1672e-02 1.2405e-02 2.1264e-03
1.7783e+01 1.7559e+01 1.5000e+01 1.5249e-01 1.7229e-01 1.3221e-01 1.5208e-01 2.9356e-02 2.6530e-02 1.6644e-02 1.4422e-02 3.9829e-03 6.1275e-03
1.7783e+01 1.7337e+01 1.5000e+01 9.6400e-02 8.7410e-02 3.1073e-02 5.4117e-02 2.9419e-02 3.8082e-02 2.1221e-02 2.4696e-02 1.3794e-02 1.8892e-03
1.7783e+01 1.7919e+01 1.5000e+01 2.0364e-01 1.9863e-01 1.9735e-01 1.9115e-01 3.3036e-02 2.8313e-02 1.7622e-02 3.4279e-03 1.0879e-02 4.6425e-03
1.7783e+01 1.8073e+01 1.5000e+01 8.8846e-02 7.2109e-02 2.2296e-02 4.4366e-02 5.5985e-02 3.4586e-02 2.0936e-02 3.3954e-02 5.9265e-03 1.1112e-03
1.9953e+01 2.0468e+01 1.4000e+01 1.1143e-01 9.4708e-02 9.4519e-02 7.2900e-02 3.1377e-02 2.3040e-02 2.9022e-02 1.2542e-02 1.8912e-02 2.7335e-03
1.9953e+01 2.0065e+01 1.4000e+01 1.9682e-01 1.9571e-01 1.8142e-01 1.7592e-01 2.9998e-02 1.9690e-02 2.6009e-02 1.6923e-02 1.0797e-02 1.0458e-03
1.9953e+01 1.9891e+01 1.4000e+01 1.2152e-01 9.9133e-02 9.9503e-02 6.0522e-02 3.4901e-02 3.1535e-02 1.7051e-02 2.6976e-02 3.3418e-03 6.3283e-03
1.9953e+01 2.0101e+01 1.4000e+01 1.8313e-01 1.6206e-01 1.7243e-01 1.4895e-01 3.1280e-02 5.0818e-02 6.7129e-03 4.8702e-02 2.7142e-03 4.7183e-03
1.9953e+01 1.9800e+01 1.4000e+01 1.4104e-01 1.1655e-01 1.2881e-01 8.1701e-02 2.2504e-02 4.1763e-02 1.5241e-02 2.0760e-02 7.3999e-03 3.0788e-03
1.9953e+01 2.0199e+01 1.4000e+01 7.0115e-02 8.4668e-02 2.2672e-02 8.5223e-02 2.6549e-02 2.5570e-02 1.2800e-02 2.7937e-04 1.0469e-02 4.9125e-03
1.9953e+01 1.8992e+01 1.4000e+01 8.1650e-02 8.1150e-02 5.7887e-02 3.1487e-02 2.4610e-02 2.4969e-02 6.2325e-03 1.4109e-02 9.2676e-03 2.3532e-03
1.9953e+01 1.9655e+01 1.4000e+01 1.1625e-01 1.4131e-01 9.7673e-02 1.1165e-01 3.0638e-02 3.3167e-02 2.5181e-02 2.9799e-02 8.0401e-03 6.5151e-03
1.9953e+01 2.0110e+01 1.4000e+01 8.7863e-02 9.5048e-02 2.7569e-02 7.8478e-02 4.4893e-02 2.9894e-02 3.6940e-02 2.6900e-02 3.0175e-03 2.4982e-03
1.9953e+01 2.0654e+01 1.4000e+01 1.0242e-01 1.0283e-01 3.9389e-02 8.6032e-02 2.8538e-02 4.1048e-02 2.6069e-02 3.6219e-02 8.4962e-03 6.6113e-03
2.2387e+01 2.2363e+01 1.3000e+01 1.3238e-01 1.2774e-01 1.0527e-01 1.1018e-01 2.8422e-02 4.4482e-02 9.3289e-03 3.4215e-02 8.2618e-03 8.9822e-03
2.2387e+01 2.2555e+01 1.3000e+01 1.0457e-01 6.5650e-02 5.4761e-02 4.7332e-02 6.0700e-02 2.1975e-02 4.4725e-02 1.3801e-02 1.6191e-02 1.0202e-03
2.2387e+01 2.2853e+01 1.3000e+01 7.2009e-02 7.4269e-02 2.4154e-02 4.5680e-02 3.6518e-02 2.6234e-02 3.1300e-02 1.8116e-02 6.8202e-03 1.3623e-03
2.2387e+01 2.2792e+01 1.3000e+01 1.2703e-01 1.1459e-01 4.4081e-02 1.8105e-02 3.8213e-02 3.7302e-02 2.1861e-02 3.2524e-02 1.6318e-02 8.0142e-03
2.2387e+01 2.3105e+01 1.3000e+01 1.3463e-01 1.1579e-01 7.1180e-02 6.2947e-02 4.3706e-02 3.8450e-02 3.5163e-02 2.0709e-02 1.4161e-02 1.5676e-03
2.2387e+01 2.2522e+01 1.3000e+01 8.2403e-02 1.1454e-01 5.9048e-02 9.0040e-02 2.1571e-02 3.6977e-02 1.0329e-02 3.0051e-02 9.0580e-03 5.4424e-03
2.5119e+01 2.4819e+01 1.2000e+01 1.1946e-01 1.2845e-01 8.8837e-02 1.3207e-02 3.4758e-02 3.5621e-02 3.1982e-02 5.4107e-03 2.2582e-02 4.1146e-03
2.5119e+01 2.4351e+01 1.2000e+01 1.9070e-01 2.0080e-01 1.8109e-01 1.7882e-01 3.5568e-02 4.4515e-02 2.5776e-02 3.0135e-02 1.5618e-02 1.4138e-02
2.5119e+01 2.4819e+01 1.2000e+01 1.1946e-01 1.2845e-01 8.8874e-02 1.3207e-02 3.4758e-02 3.5621e-02 2.9006e-02 2.3471e-02 2.2582e-02 4.1146e-03
2.5119e+01 2.4351e+01 1.2000e+01 1.9070e-01 2.0080e-01 1.8110e-01 1.7883e-01 3.5568e-02 4.4515e-02 3.2032e-02 3.1640e-02 1.5618e-02 1.4138e-02
2.5119e+01 2.4125e+01 1.2000e+01 1.0998e-01 1.3580e-01 8.9900e-02 9.3157e-02 3.7723e-02 1.5543e-02 2.8595e-02 1.2100e-02 1.6298e-02 2.8218e-03
2.5119e+01 2.5649e+01 1.2000e+01 1.1327e-01 1.2601e-01 8.8490e-02 8.4921e-02 3.3027e-02 4.0775e-02 1.7020e-02 3.3742e-02 5.9065e-03 3.1481e-03
2.5119e+01 2.5114e+01 1.2000e+01 2.5439e-01 2.0695e-01 2.3901e-01 1.7635e-01 4.9760e-02 3.7761e-02 2.9648e-02 2.8262e-02 2.9080e-02 1.2888e-02
2.5119e+01 2.4713e+01 1.2000e+01 1.5316e-01 1.6137e-01 1.2772e-01 1.4493e-01 3.1786e-02 2.5456e-02 2.0183e-02 1.6679e-02 1.8390e-02 1.2582e-03
2.5119e+01 2.4827e+01 1.2000e+01 2.1092e-01 2.1273e-01 1.9202e-01 1.8480e-01 2.2290e-02 3.5295e-02 1.2601e-02 2.4961e-02 1.2662e-02 1.0113e-02
2.5119e+01 2.4443e+01 1.2000e+01 1.0617e-01 1.0655e-01 8.6996e-02 5.0712e-02 3.0648e-02 2.8613e-02 2.1287e-02 7.6584e-03 5.4937e-03 1.4241e-02
2.5119e+01 2.5194e+01 1.2000e+01 1.2315e-01 1.0703e-01 8.0578e-02 5.6273e-02 7.1006e-02 3.5428e-02 6.3664e-02 1.2969e-02 1.8504e-02 5.5195e-04
2.5119e+01 2.4697e+01 1.2000e+01 1.1165e-01 1.1840e-01 9.5197e-02 7.7668e-02 4.9864e-02 2.0243e-02 4.5073e-02 1.6952e-02 2.6989e-02 7.6413e-03
2.8184e+01 2.8399e+01 1.1000e+01 1.3021e-01 1.3748e-01 1.0091e-01 9.8002e-02 3.5790e-02 3.1920e-02 2.7858e-02 2.0248e-02 2.2202e-02 2.3681e-03
2.8184e+01 2.9037e+01 1.1000e+01 1.5255e-01 1.2795e-01 5.5282e-02 1.0234e-02 6.6159e-02 4.6742e-02 5.2929e-02 2.6506e-02 3.4166e-02 5.6627e-05
2.8184e+01 2.7874e+01 1.1000e+01 2.0148e-01 2.2608e-01 1.6872e-01 2.0540e-01 1.6516e-02 4.3089e-02 1.3662e-02 3.7734e-02 1.0299e-02 4.5063e-03
2.8184e+01 2.7169e+01 1.1000e+01 1.9375e-01 1.8099e-01 1.6404e-01 1.5170e-01 3.4262e-02 4.5117e-02 7.6947e-03 3.8575e-02 1.4463e-02 7.6204e-04
2.8184e+01 2.7992e+01 1.1000e+01 1.7484e-01 1.6585e-01 1.3918e-01 1.3611e-01 5.5635e-02 5.4617e-02 3.4151e-02 4.0554e-02 9.2181e-03 1.0007e-03
2.8184e+01 2.7348e+01 1.1000e+01 9.7613e-02 1.0155e-01 1.9808e-02 2.0950e-03 4.4700e-02 4.9609e-02 2.4049e-02 2.6118e-02 2.6563e-02 2.3261e-03
2.8184e+01 2.8453e+01 1.1000e+01 1.0702e-01 1.0693e-01 3.4320e-02 7.0042e-02 7.3389e-02 4.2640e-02 3.3783e-02 3.1259e-02 3.0946e-02 1.7375e-02
2.8184e+01 2.7573e+01 1.1000e+01 1.2172e-01 1.2761e-01 7.3010e-02 2.4188e-02 4.3511e-02 3.3594e-02 2.7408e-02 1.6391e-02 2.2690e-02 1.7250e-03
3.1623e+01 3.1246e+01 1.0000e+01 1.6111e-01 1.5994e-01 1.1277e-01 1.3294e-02 4.2677e-02 5.1502e-02 3.6867e-02 2.0186e-02 2.8386e-02 5.1930e-03
3.1623e+01 3.0656e+01 1.0000e+01 2.3926e-01 2.3418e-01 2.2767e-01 2.0078e-01 4.4543e-02 5.7676e-02 3.0520e-02 2.9245e-02 1.9602e-02 1.7806e-02
3.1623e+01 3.0371e+01 1.0000e+01 1.2824e-01 1.4673e-01 7.7556e-02 8.1912e-02 4.8097e-02 2.3172e-02 3.6315e-02 1.4005e-02 2.0498e-02 3.5436e-03
3.1623e+01 3.2290e+01 1.0000e+01 1.2831e-01 1.5670e-01 9.1487e-02 1.0035e-01 4.5499e-02 5.1114e-02 3.6427e-02 5.1539e-02 7.4652e-03 3.9540e-03
3.1623e+01 3.1617e+01 1.0000e+01 2.3742e-01 1.9249e-01 2.1556e-01 1.4296e-01 6.1612e-02 5.0152e-02 4.5400e-02 3.6042e-02 3.6614e-02 1.6203e-02
3.1623e+01 3.1112e+01 1.0000e+01 1.7887e-01 2.0047e-01 1.4774e-01 1.7777e-01 3.7920e-02 3.2670e-02 3.3970e-02 2.2721e-02 2.3215e-02 1.5779e-03
3.1623e+01 3.1256e+01 1.0000e+01 2.2986e-01 2.3938e-01 1.9904e-01 2.0022e-01 2.5466e-02 4.2416e-02 8.6070e-03 2.8910e-02 1.5980e-02 1.2754e-02
3.1623e+01 3.0772e+01 1.0000e+01 1.2903e-01 1.4398e-01 7.5512e-02 1.1199e-01 4.0294e-02 3.9526e-02 1.9852e-02 9.0100e-03 6.8965e-03 1.7914e-02
3.1623e+01 3.1717e+01 1.0000e+01 1.4682e-01 1.2333e-01 8.4821e-02 1.7208e-02 9.2005e-02 4.7132e-02 8.3177e-02 1.8175e-02 2.3156e-02 7.3287e-04
3.1623e+01 3.1092e+01 1.0000e+01 1.5160e-01 1.5802e-01 1.3171e-01 9.0834e-02 6.6618e-02 2.4862e-02 6.0845e-02 1.8771e-02 3.3946e-02 9.6219e-03
3.5481e+01 3.5753e+01 9.0000e+00 2.0326e-01 1.7794e-01 1.6572e-01 1.2255e-01 4.2075e-02 3.5700e-02 3.7368e-02 2.9680e-02 2.7872e-02 2.9847e-03
3.5481e+01 3.6555e+01 9.0000e+00 1.8845e-01 1.7908e-01 9.9639e-02 1.1959e-01 9.0938e-02 7.2666e-02 7.1277e-02 5.9457e-03 4.2991e-02 5.8517e-05
3.5481e+01 3.5091e+01 9.0000e+00 2.6068e-01 2.8590e-01 2.2400e-01 2.5324e-01 2.4706e-02 5.5542e-02 8.3977e-03 4.9920e-02 1.2997e-02 5.6588e-03
3.5481e+01 3.4203e+01 9.0000e+00 2.3234e-01 2.1639e-01 2.1435e-01 1.8144e-01 5.6625e-02 5.7124e-02 3.6310e-02 4.3469e-02 1.8194e-02 9.4209e-04
3.5481e+01 3.5240e+01 9.0000e+00 2.1314e-01 2.0966e-01 1.7760e-01 1.7221e-01 7.7457e-02 6.8614e-02 5.4947e-02 4.9343e-02 1.1546e-02 1.2650e-03
3.5481e+01 3.4430e+01 9.0000e+00 1.3800e-01 1.4720e-01 8.0697e-02 9.5423e-03 5.3063e-02 6.3523e-02 2.7577e-02 2.0263e-02 3.3481e-02 2.9541e-03
3.5481e+01 3.5821e+01 9.0000e+00 1.4529e-01 1.6383e-01 9.1111e-02 2.0138e-02 9.4815e-02 5.6485e-02 3.7834e-02 3.4808e-02 3.8946e-02 2.1854e-02
3.5481e+01 3.4712e+01 9.0000e+00 1.5730e-01 1.7517e-01 7.8786e-02 3.6132e-02 5.7106e-02 4.9621e-02 2.9136e-02 2.5927e-02 2.8564e-02 2.1639e-03
3.5481e+01 3.5764e+01 9.0000e+00 1.9367e-01 1.8062e-01 1.3215e-01 1.0352e-01 8.7458e-02 5.9668e-02 4.6466e-02 2.4998e-02 2.8312e-02 9.7541e-03
3.5481e+01 3.5346e+01 9.0000e+00 1.1437e-01 1.4614e-01 3.6623e-02 2.8488e-02 5.1157e-02 6.0472e-02 1.2420e-02 1.0339e-02 1.1549e-02 1.5475e-02
3.9811e+01 3.8675e+01 8.0000e+00 4.3318e-01 4.0738e-01 3.9765e-01 3.7232e-01 4.4341e-02 6.6885e-02 3.1417e-02 4.3452e-02 2.3145e-02 1.2638e-02
3.9811e+01 4.1236e+01 8.0000e+00 3.4128e-01 2.6326e-01 3.1900e-01 1.6553e-01 8.5456e-02 8.5766e-02 4.9361e-02 5.0911e-02 2.0783e-02 5.1221e-03
3.9811e+01 3.9244e+01 8.0000e+00 2.2555e-01 2.1771e-01 1.7400e-01 1.6685e-01 5.8130e-02 1.0456e-01 4.1027e-02 9.3518e-02 3.0647e-02 8.4098e-03
3.9811e+01 3.9716e+01 8.0000e+00 1.5853e-01 1.5384e-01 1.1077e-01 9.8372e-02 7.4870e-02 5.6549e-02 6.5653e-02 2.7101e-02 6.0591e-02 2.7688e-02
3.9811e+01 3.9910e+01 8.0000e+00 3.0686e-01 3.0985e-01 2.8449e-01 2.6272e-01 4.8212e-02 5.1925e-02 3.0035e-02 2.3707e-02 3.5162e-02 1.3040e-02
3.9811e+01 4.0579e+01 8.0000e+00 1.2039e-01 1.7063e-01 5.7487e-02 5.7192e-03 5.6252e-02 6.0625e-02 4.1974e-02 6.1799e-02 1.2428e-02 2.3654e-02
3.9811e+01 3.9505e+01 8.0000e+00 3.8400e-01 3.6599e-01 3.7930e-01 3.3403e-01 4.0171e-02 3.4568e-02 2.2848e-02 2.6296e-02 1.2832e-02 2.0588e-03
3.9811e+01 3.9414e+01 8.0000e+00 1.3718e-01 1.6850e-01 7.4939e-02 1.1481e-01 5.8082e-02 7.1617e-02 3.9320e-02 5.6396e-02 3.2154e-02 2.0208e-02
3.9811e+01 4.0978e+01 8.0000e+00 3.8648e-01 3.8936e-01 3.7370e-01 3.4476e-01 5.1892e-02 5.9124e-02 3.0987e-02 1.9256e-02 2.3022e-02 1.3301e-02
3.9811e+01 4.0805e+01 8.0000e+00 2.0183e-01 1.9578e-01 1.1654e-01 1.0499e-01 5.2641e-02 6.5749e-02 3.7587e-02 4.8402e-02 2.9237e-02 8.6792e-03
4.4668e+01 4.4427e+01 7.0000e+00 1.3577e-01 1.8308e-01 6.9660e-02 5.8053e-02 5.5241e-02 9.4007e-02 3.8991e-02 7.0235e-02 1.7424e-02 2.8304e-02
4.4668e+01 4.4867e+01 7.0000e+00 1.8002e-01 1.9551e-01 1.3861e-01 1.1273e-01 6.9316e-02 9.7156e-02 5.2497e-02 8.4548e-02 6.0476e-02 3.9404e-02
4.4668e+01 4.5657e+01 7.0000e+00 4.1133e-01 3.4450e-01 3.9236e-01 3.3153e-01 7.0032e-02 6.7917e-02 2.3603e-02 4.0024e-02 1.3270e-02 1.8482e-02
4.4668e+01 4.5066e+01 7.0000e+00 4.0428e-01 4.0210e-01 3.5759e-01 3.0339e-01 6.4832e-02 1.1124e-01 3.1879e-02 6.2232e-02 2.6185e-02 3.4980e-03
4.4668e+01 4.4321e+01 7.0000e+00 2.8031e-01 2.8518e-01 2.4083e-01 1.9120e-01 8.7758e-02 4.9092e-02 9.1854e-02 1.0931e-02 4.1526e-02 1.5578e-02
4.4668e+01 4.4016e+01 7.0000e+00 3.2507e-01 2.2438e-01 2.4886e-01 1.8042e-01 1.1132e-01 7.0899e-02 8.9867e-02 6.1532e-02 3.7258e-02 9.9036e-03
4.4668e+01 4.5585e+01 7.0000e+00 2.6662e-01 2.4059e-01 1.9563e-01 1.5417e-01 1.1622e-01 8.1490e-02 7.6353e-02 7.6276e-02 5.4595e-02 3.5864e-02
4.4668e+01 4.5469e+01 7.0000e+00 3.2096e-01 3.2014e-01 3.0205e-01 2.9190e-01 8.0752e-02 7.3076e-02 6.6879e-02 4.7087e-02 4.4975e-02 1.1154e-02
4.4668e+01 4.3534e+01 7.0000e+00 2.0977e-01 1.9615e-01 1.5619e-01 1.5400e-01 9.1015e-02 7.4492e-02 6.6088e-02 3.3682e-02 5.8073e-02 1.2754e-02
5.0119e+01 4.9521e+01 6.0000e+00 2.4295e-01 2.4454e-01 1.8588e-01 1.5147e-02 6.9712e-02 8.8107e-02 6.7357e-02 6.1275e-02 4.5056e-02 8.2098e-03
5.0119e+01 4.8586e+01 6.0000e+00 3.7757e-01 4.0845e-01 3.6663e-01 3.5491e-01 7.1045e-02 1.0817e-01 5.5605e-02 4.7834e-02 3.1163e-02 2.8210e-02
5.0119e+01 4.8135e+01 6.0000e+00 2.0087e-01 2.3917e-01 1.1696e-01 5.7377e-02 7.6146e-02 3.5396e-02 5.8327e-02 2.2834e-02 3.2519e-02 5.6303e-03
5.0119e+01 5.1177e+01 6.0000e+00 2.2067e-01 2.6010e-01 1.6569e-01 1.7376e-01 7.6572e-02 8.4462e-02 3.7351e-02 7.6566e-02 1.1785e-02 6.2813e-03
5.0119e+01 5.0109e+01 6.0000e+00 3.8560e-01 3.1814e-01 3.4726e-01 2.3814e-01 1.0783e-01 8.8750e-02 7.6395e-02 6.3924e-02 5.8022e-02 2.5715e-02
5.0119e+01 4.9309e+01 6.0000e+00 2.7571e-01 3.2190e-01 2.2537e-01 2.6708e-01 5.9583e-02 5.2381e-02 5.3957e-02 3.5296e-02 3.6693e-02 2.5105e-03
5.0119e+01 4.9537e+01 6.0000e+00 3.3109e-01 3.3455e-01 2.9601e-01 2.7019e-01 4.5223e-02 8.2652e-02 4.4734e-02 1.1808e-02 2.5263e-02 2.0178e-02
5.0119e+01 4.8770e+01 6.0000e+00 2.0922e-01 2.1688e-01 1.3176e-01 4.1281e-03 6.9708e-02 6.3097e-02 2.0135e-02 1.3710e-02 1.0961e-02 2.8414e-02
5.0119e+01 5.0268e+01 6.0000e+00 2.2522e-01 1.9555e-01 2.0069e-01 2.7234e-02 1.4654e-01 7.5240e-02 1.3568e-01 2.7810e-02 3.6920e-02 1.1013e-03
5.0119e+01 4.9278e+01 6.0000e+00 2.0095e-01 2.2703e-01 1.4234e-01 1.3021e-01 1.1196e-01 7.3979e-02 1.0828e-01 3.8651e-02 5.3850e-02 1.5246e-02
5.6234e+01 5.6664e+01 5.0000e+00 2.7893e-01 2.5720e-01 2.0051e-01 1.5568e-01 8.9099e-02 5.6097e-02 8.4216e-02 3.0855e-02 4.4299e-02 4.7250e-03
5.6234e+01 5.7936e+01 5.0000e+00 2.9124e-01 2.5929e-01 2.1241e-01 1.6097e-01 1.5984e-01 1.3379e-01 1.1486e-01 1.4555e-02 6.8170e-02 1.1299e-04
5.6234e+01 5.5615e+01 5.0000e+00 4.4846e-01 4.7478e-01 3.9723e-01 4.4069e-01 5.2425e-02 9.1236e-02 2.4242e-02 5.4320e-02 2.0549e-02 8.9913e-03
5.6234e+01 5.4208e+01 5.0000e+00 3.3552e-01 3.1729e-01 2.6260e-01 2.3472e-01 8.9026e-02 1.0008e-01 3.7351e-02 7.8508e-02 2.8857e-02 1.5205e-03
5.6234e+01 5.5852e+01 5.0000e+00 3.7793e-01 4.1236e-01 3.2903e-01 3.5042e-01 1.2057e-01 1.1676e-01 1.0171e-01 1.0068e-01 1.8393e-02 1.9967e-03
5.6234e+01 5.4567e+01 5.0000e+00 2.5976e-01 2.9171e-01 2.0409e-01 1.7618e-01 8.5967e-02 9.4502e-02 3.4834e-02 1.3265e-02 5.2999e-02 4.6413e-03
5.6234e+01 5.6772e+01 5.0000e+00 2.2824e-01 2.6480e-01 1.1642e-01 2.6401e-02 1.4901e-01 9.2406e-02 1.0700e-01 5.8332e-02 6.1745e-02 3.4668e-02
5.6234e+01 5.5016e+01 5.0000e+00 2.4138e-01 2.5532e-01 1.8224e-01 5.3931e-02 1.0064e-01 9.4468e-02 4.1292e-02 2.7608e-02 4.5272e-02 3.4419e-03
5.6234e+01 5.6683e+01 5.0000e+00 3.1866e-01 2.8264e-01 2.7342e-01 1.6767e-01 1.3948e-01 1.0586e-01 9.1065e-02 4.0638e-02 4.4812e-02 1.5471e-02
5.6234e+01 5.6019e+01 5.0000e+00 1.7371e-01 2.2669e-01 9.9869e-02 3.2965e-02 8.9288e-02 9.2623e-02 3.6687e-02 2.0850e-02 1.8310e-02 2.4526e-02
6.3096e+01 6.1295e+01 4.0000e+00 6.1375e-01 5.5769e-01 5.2310e-01 5.0089e-01 1.0359e-01 1.1627e-01 5.2727e-02 8.7263e-02 3.6622e-02 2.0064e-02
6.3096e+01 6.5354e+01 4.0000e+00 4.0850e-01 3.3677e-01 3.4179e-01 2.0430e-01 1.3464e-01 1.4752e-01 6.3631e-02 8.6437e-02 3.2817e-02 8.1535e-03
6.3096e+01 6.2198e+01 4.0000e+00 4.3751e-01 4.3382e-01 3.2446e-01 2.9708e-01 1.0845e-01 1.7117e-01 4.8757e-02 1.6264e-01 4.8526e-02 1.3351e-02
6.3096e+01 6.2946e+01 4.0000e+00 2.9234e-01 2.6696e-01 2.0979e-01 8.4766e-02 1.1611e-01 9.5315e-02 1.1007e-01 7.5462e-02 9.6207e-02 4.3928e-02
6.3096e+01 6.3253e+01 4.0000e+00 4.6409e-01 4.7623e-01 4.2536e-01 3.9058e-01 8.1234e-02 7.8284e-02 7.1315e-02 3.9110e-02 5.5972e-02 2.0699e-02
6.3096e+01 6.4313e+01 4.0000e+00 1.8720e-01 2.9124e-01 1.1995e-01 2.7830e-03 1.1293e-01 9.1690e-02 7.4823e-02 8.4888e-02 1.9737e-02 3.7473e-02
6.3096e+01 6.2611e+01 4.0000e+00 6.0543e-01 5.6459e-01 5.9378e-01 5.1458e-01 6.6230e-02 5.6973e-02 3.3120e-02 6.9866e-03 2.0403e-02 3.2142e-03
6.3096e+01 6.2467e+01 4.0000e+00 2.3353e-01 2.7621e-01 1.6120e-01 2.5335e-01 9.8368e-02 1.2580e-01 3.7035e-02 8.4043e-02 5.1215e-02 3.2068e-02
6.3096e+01 6.4946e+01 4.0000e+00 6.4111e-01 6.3471e-01 6.1054e-01 5.7399e-01 9.9429e-02 1.1536e-01 4.6559e-02 1.9186e-02 3.6294e-02 2.1064e-02
6.3096e+01 6.4671e+01 4.0000e+00 3.1596e-01 2.8636e-01 1.4782e-01 1.3689e-01 8.7986e-02 1.1284e-01 5.4800e-02 5.2712e-02 4.6343e-02 1.3767e-02
7.0795e+01 7.0412e+01 3.0000e+00 2.3755e-01 3.0380e-01 6.9633e-02 1.0556e-01 9.1597e-02 1.5405e-01 6.7122e-02 9.5727e-02 2.7958e-02 4.4869e-02
7.0795e+01 7.1109e+01 3.0000e+00 2.8692e-01 3.0113e-01 1.6215e-01 9.2046e-02 1.0715e-01 1.4821e-01 1.0895e-01 1.2628e-01 9.5971e-02 6.2466e-02
7.0795e+01 7.2361e+01 3.0000e+00 6.8487e-01 5.8341e-01 6.5492e-01 5.3816e-01 1.2472e-01 1.0439e-01 6.7258e-02 7.3604e-02 2.1222e-02 2.9307e-02
7.0795e+01 7.1425e+01 3.0000e+00 4.4534e-01 4.7022e-01 2.8513e-01 3.9017e-01 1.0428e-01 1.7585e-01 6.9608e-02 6.3175e-02 4.1935e-02 5.5044e-03
7.0795e+01 7.0243e+01 3.0000e+00 3.9569e-01 4.2125e-01 3.0430e-01 3.2707e-01 1.3998e-01 9.8874e-02 1.5118e-01 1.5466e-02 6.5981e-02 2.4692e-02
7.0795e+01 6.9760e+01 3.0000e+00 4.8161e-01 3.5324e-01 3.6368e-01 2.9701e-01 1.8230e-01 1.0965e-01 1.6688e-01 7.7620e-02 5.9209e-02 1.5705e-02
7.0795e+01 7.2247e+01 3.0000e+00 3.7595e-01 3.1504e-01 2.9484e-01 1.6945e-01 2.1249e-01 1.2529e-01 1.4540e-01 1.0929e-01 8.6594e-02 5.6839e-02
7.0795e+01 7.2063e+01 3.0000e+00 4.3241e-01 4.5419e-01 3.9295e-01 3.8924e-01 1.2711e-01 1.2664e-01 1.2128e-01 9.8726e-02 7.1420e-02 1.7711e-02
7.0795e+01 6.8997e+01 3.0000e+00 3.4683e-01 3.3873e-01 2.2576e-01 2.5509e-01 1.5008e-01 1.2626e-01 1.1171e-01 1.0933e-01 9.2035e-02 2.0244e-02
7.0795e+01 6.8392e+01 3.0000e+00 4.4205e-01 4.0568e-01 3.9157e-01 2.7504e-01 1.6803e-01 1.5830e-01 1.5138e-01 1.0685e-01 3.0109e-02 1.0586e-02
7.9433e+01 8.0024e+01 2.0000e+00 4.8665e-01 5.0162e-01 3.0256e-01 3.3936e-01 1.7307e-01 2.9416e-01 7.6421e-02 1.7220e-01 2.2699e-02 4.7534e-02
7.9433e+01 7.8769e+01 2.0000e+00 4.5796e-01 4.3269e-01 3.5845e-01 3.9513e-01 1.3615e-01 1.5464e-01 7.0032e-02 4.4196e-02 2.5632e-02 2.7750e-02
7.9433e+01 8.1958e+01 2.0000e+00 3.7108e-01 3.6308e-01 1.5656e-01 2.3746e-01 2.5340e-01 1.3176e-01 1.3571e-01 4.5738e-02 3.0515e-02 2.9661e-02
7.9433e+01 8.0611e+01 2.0000e+00 3.1320e-01 3.4316e-01 1.0486e-01 1.6580e-01 1.7448e-01 1.1616e-01 4.9881e-02 9.5245e-02 3.4804e-02 2.4910e-03
7.9433e+01 7.7709e+01 2.0000e+00 6.6565e-01 5.0027e-01 5.4911e-01 4.7350e-01 1.1966e-01 1.3222e-01 9.6712e-02 1.8890e-02 3.3207e-02 2.4445e-02
7.9433e+01 8.1400e+01 2.0000e+00 3.6451e-01 2.8531e-01 2.4604e-01 1.9637e-01 2.1289e-01 7.6847e-02 1.1529e-01 4.3166e-02 1.3113e-01 2.2778e-03
7.9433e+01 7.8438e+01 2.0000e+00 3.0795e-01 3.2723e-01 1.0976e-01 1.8412e-01 1.9453e-01 1.1216e-01 1.5960e-01 7.1035e-02 4.2724e-02 8.9590e-03
1.0000e+02 9.8807e+01 0.0000e+00 5.3113e-01 4.8983e-01 3.9756e-01 2.3899e-01 1.9685e-01 2.2654e-01 9.7364e-02 1.3323e-01 8.9899e-02 1.6381e-02
1.0000e+02 9.6942e+01 0.0000e+00 8.3584e-01 8.7865e-01 7.8912e-01 7.7009e-01 1.5070e-01 2.5445e-01 9.6940e-02 1.7481e-01 6.2177e-02 5.6286e-02
1.1220e+02 1.1086e+02 -1.0000e+00 6.1061e-01 5.4986e-01 4.3743e-01 2.2577e-01 2.2234e-01 2.5518e-01 1.0057e-01 2.6120e-01 1.0087e-01 1.8379e-02
1.1220e+02 1.0877e+02 -1.0000e+00 9.8858e-01 1.0095e+00 9.4079e-01 9.1966e-01 2.0721e-01 2.8597e-01 9.3424e-02 1.9190e-01 6.9764e-02 6.3154e-02
1.1220e+02 1.0776e+02 -1.0000e+00 3.9014e-01 4.7192e-01 2.6070e-01 1.9402e-01 1.9011e-01 7.5259e-02 1.8668e-01 5.2795e-02 7.2801e-02 1.2605e-02
1.1220e+02 1.1457e+02 -1.0000e+00 4.5583e-01 5.2893e-01 2.7202e-01 4.6987e-01 1.9254e-01 2.1684e-01 4.0852e-02 1.3747e-01 2.6383e-02 1.4062e-02
1.1220e+02 1.1218e+02 -1.0000e+00 8.4809e-01 6.8328e-01 8.1144e-01 5.7308e-01 2.7568e-01 1.8986e-01 1.9198e-01 1.6806e-01 1.2990e-01 5.7569e-02
1.2589e+02 1.2439e+02 -2.0000e+00 6.5043e-01 6.0531e-01 4.5965e-01 2.3774e-01 2.6189e-01 2.8607e-01 1.2078e-01 1.6662e-01 1.1318e-01 2.0622e-02
1.2589e+02 1.2204e+02 -2.0000e+00 1.1586e+00 1.1785e+00 1.0959e+00 1.0810e+00 2.0489e-01 3.1580e-01 9.3559e-02 2.2836e-01 7.8277e-02 7.0860e-02
1.2589e+02 1.2091e+02 -2.0000e+00 6.2288e-01 7.3006e-01 4.9227e-01 6.0006e-01 2.0608e-01 8.9207e-02 2.0223e-01 6.5038e-02 8.1684e-02 1.4143e-02
1.2589e+02 1.2855e+02 -2.0000e+00 5.3665e-01 6.0653e-01 3.3687e-01 4.6986e-01 2.1486e-01 2.4933e-01 4.9710e-02 1.5120e-01 2.9603e-02 1.5778e-02
1.2589e+02 1.2587e+02 -2.0000e+00 1.4617e+00 1.2781e+00 1.3905e+00 1.1486e+00 3.0785e-01 2.2157e-01 2.1084e-01 1.8022e-01 1.4575e-01 6.4593e-02
1.2589e+02 1.2386e+02 -2.0000e+00 7.2480e-01 7.9761e-01 5.6073e-01 6.9033e-01 1.7714e-01 1.6526e-01 1.7655e-01 6.6771e-02 9.2170e-02 6.3061e-03
1.2589e+02 1.2443e+02 -2.0000e+00 1.2016e+00 1.1581e+00 1.1122e+00 1.0483e+00 1.3162e-01 3.0044e-01 9.9032e-02 4.6747e-02 6.3458e-02 5.0685e-02
1.2589e+02 1.2250e+02 -2.0000e+00 5.5426e-01 5.3900e-01 4.4261e-01 3.0903e-01 2.2763e-01 2.0564e-01 9.1190e-02 3.9772e-02 2.7534e-02 7.1373e-02
1.2589e+02 1.2627e+02 -2.0000e+00 6.2573e-01 5.5264e-01 4.7214e-01 3.2992e-01 3.7612e-01 1.9294e-01 3.1005e-01 7.2065e-02 9.2739e-02 2.7663e-03
1.2589e+02 1.2378e+02 -2.0000e+00 7.6842e-01 7.4346e-01 7.2084e-01 5.3029e-01 3.0288e-01 2.3228e-01 2.8806e-01 1.8578e-01 1.3526e-01 3.8297e-02
1.4125e+02 1.4233e+02 -3.0000e+00 7.3166e-01 6.1174e-01 4.4583e-01 5.2563e-01 2.1087e-01 1.3065e-01 1.5082e-01 6.9690e-02 1.1127e-01 1.1869e-02
1.4125e+02 1.4553e+02 -3.0000e+00 8.0214e-01 6.3441e-01 4.6448e-01 2.8367e-01 4.1129e-01 3.7307e-01 3.1854e-01 4.9460e-02 1.7124e-01 2.8381e-04
1.4125e+02 1.3970e+02 -3.0000e+00 1.1849e+00 1.2475e+00 1.0388e+00 1.1208e+00 1.2185e-01 2.3794e-01 4.1407e-02 2.3223e-01 5.1616e-02 2.2585e-02
1.4125e+02 1.3617e+02 -3.0000e+00 9.2898e-01 8.3202e-01 6.9161e-01 6.3887e-01 2.5750e-01 1.9943e-01 9.9548e-02 1.3555e-01 7.2486e-02 3.8192e-03
1.4125e+02 1.4029e+02 -3.0000e+00 9.0250e-01 8.7470e-01 6.6924e-01 7.3938e-01 3.9555e-01 3.1928e-01 3.1981e-01 2.4406e-01 4.6200e-02 5.0155e-03
1.4125e+02 1.3707e+02 -3.0000e+00 4.7806e-01 6.2507e-01 2.3493e-01 2.2997e-01 2.4948e-01 2.2976e-01 1.0713e-01 1.4807e-01 1.3313e-01 1.1658e-02
1.4125e+02 1.4260e+02 -3.0000e+00 6.4242e-01 5.8249e-01 3.7881e-01 1.0625e-01 3.5177e-01 3.2902e-01 2.6054e-01 1.4450e-01 1.5510e-01 8.7082e-02
1.4125e+02 1.3819e+02 -3.0000e+00 6.2877e-01 6.6838e-01 5.3953e-01 4.2598e-01 2.7863e-01 1.9053e-01 2.3662e-01 1.2555e-01 1.1372e-01 8.6457e-03
1.4125e+02 1.4238e+02 -3.0000e+00 7.8021e-01 7.5795e-01 6.3471e-01 4.8407e-01 3.5503e-01 2.9825e-01 2.1628e-01 1.1298e-01 1.1256e-01 3.8862e-02
1.4125e+02 1.4071e+02 -3.0000e+00 4.8960e-01 5.7167e-01 1.0036e-01 1.2096e-01 2.9062e-01 2.6283e-01 1.0045e-01 1.2327e-01 4.5992e-02 6.1608e-02
1.5849e+02 1.5397e+02 -4.0000e+00 1.8491e+00 1.7735e+00 1.6939e+00 1.6576e+00 3.1475e-01 3.2572e-01 2.4879e-01 2.6546e-01 9.1990e-02 5.0400e-02
1.5849e+02 1.6416e+02 -4.0000e+00 1.2930e+00 1.0764e+00 1.1218e+00 6.9055e-01 3.8764e-01 3.8185e-01 1.0010e-01 1.9851e-01 8.2433e-02 2.0481e-02
1.5849e+02 1.5623e+02 -4.0000e+00 1.0868e+00 1.0286e+00 7.7627e-01 8.4018e-01 3.0957e-01 4.5277e-01 1.8316e-01 3.5652e-01 1.2189e-01 3.3535e-02
1.5849e+02 1.5811e+02 -4.0000e+00 7.2475e-01 6.4501e-01 5.8772e-01 2.2911e-01 3.2371e-01 2.4535e-01 2.5755e-01 1.1875e-01 2.4166e-01 1.1034e-01
1.5849e+02 1.5888e+02 -4.0000e+00 1.1753e+00 1.1490e+00 1.0237e+00 1.0835e+00 2.6192e-01 2.7554e-01 1.9492e-01 8.0393e-02 1.4060e-01 5.1994e-02
1.5849e+02 1.6155e+02 -4.0000e+00 5.6263e-01 7.3568e-01 3.6187e-01 3.4449e-01 2.9562e-01 3.5327e-01 1.9954e-01 1.8681e-01 4.9577e-02 9.4128e-02
1.5849e+02 1.5727e+02 -4.0000e+00 1.5263e+00 1.3565e+00 1.4546e+00 1.2606e+00 2.1417e-01 2.0195e-01 1.4602e-01 4.9282e-02 5.1250e-02 8.0736e-03
1.5849e+02 1.5691e+02 -4.0000e+00 5.3653e-01 5.6493e-01 3.6824e-01 4.0338e-01 2.8437e-01 3.4189e-01 1.7581e-01 2.7767e-01 1.2865e-01 8.0551e-02
1.5849e+02 1.6314e+02 -4.0000e+00 1.6512e+00 1.6246e+00 1.5272e+00 1.4603e+00 2.6638e-01 3.2340e-01 2.1440e-01 4.8647e-02 9.1166e-02 5.2911e-02
1.5849e+02 1.6245e+02 -4.0000e+00 8.7099e-01 7.9200e-01 4.8530e-01 4.2359e-01 3.2630e-01 3.1722e-01 9.9715e-02 2.3612e-01 1.1641e-01 3.4582e-02
1.7783e+02 1.7687e+02 -5.0000e+00 5.0510e-01 7.5935e-01 7.5553e-02 2.9808e-01 2.5727e-01 4.5561e-01 1.2456e-01 3.2048e-01 7.0228e-02 1.1271e-01
1.7783e+02 1.7862e+02 -5.0000e+00 7.2036e-01 8.2778e-01 4.4056e-01 4.9942e-01 3.1111e-01 3.7638e-01 1.8306e-01 2.6779e-01 2.4107e-01 1.5691e-01
1.7783e+02 1.8176e+02 -5.0000e+00 1.7311e+00 1.4440e+00 1.6282e+00 1.3393e+00 3.2124e-01 3.1304e-01 9.9620e-02 2.1023e-01 5.3308e-02 7.3616e-02
1.7783e+02 1.7941e+02 -5.0000e+00 1.1197e+00 1.1690e+00 6.8762e-01 8.9259e-01 2.8491e-01 4.6223e-01 1.0809e-01 3.8639e-01 1.0534e-01 1.3826e-02
1.7783e+02 1.7644e+02 -5.0000e+00 8.1875e-01 9.3393e-01 6.4493e-01 5.8635e-01 3.6508e-01 2.9657e-01 3.2667e-01 3.5310e-02 1.6574e-01 6.2025e-02
1.7783e+02 1.7523e+02 -5.0000e+00 1.1672e+00 8.9931e-01 8.1360e-01 6.4493e-01 4.7532e-01 3.1774e-01 3.9394e-01 1.8448e-01 1.4873e-01 3.9449e-02
1.7783e+02 1.8148e+02 -5.0000e+00 1.0475e+00 8.9744e-01 9.9808e-01 6.7253e-01 5.2615e-01 3.7682e-01 3.9613e-01 3.2588e-01 2.1752e-01 1.4277e-01
1.7783e+02 1.8101e+02 -5.0000e+00 1.4700e+00 1.5849e+00 1.3859e+00 1.4630e+00 3.5956e-01 3.0463e-01 2.8079e-01 2.7070e-01 1.7940e-01 4.4487e-02
1.7783e+02 1.7331e+02 -5.0000e+00 7.3675e-01 6.8553e-01 9.9727e-02 4.5455e-01 4.1661e-01 3.7411e-01 2.5529e-01 2.5446e-01 2.3118e-01 5.0850e-02
1.7783e+02 1.7179e+02 -5.0000e+00 1.1085e+00 9.8566e-01 9.8052e-01 7.4988e-01 4.8774e-01 4.0620e-01 4.3018e-01 1.5250e-02 7.5631e-02 2.6590e-02
1.9953e+02 2.0101e+02 -6.0000e+00 1.0776e+00 1.0885e+00 5.6070e-01 7.4489e-01 4.3508e-01 7.6921e-01 2.7597e-01 3.2320e-01 5.7017e-02 1.1940e-01
1.9953e+02 1.9786e+02 -6.0000e+00 9.9927e-01 9.5364e-01 8.9318e-01 8.9620e-01 4.0952e-01 3.6674e-01 1.4771e-01 2.0328e-01 6.4386e-02 6.9705e-02
1.9953e+02 2.0587e+02 -6.0000e+00 9.1385e-01 8.6572e-01 4.4129e-01 4.5414e-01 6.5770e-01 3.8644e-01 3.5127e-01 1.4139e-01 7.6649e-02 7.4506e-02
1.9953e+02 2.0249e+02 -6.0000e+00 8.3057e-01 8.9352e-01 1.8083e-01 5.7174e-01 5.3855e-01 3.5585e-01 1.7506e-01 1.9506e-01 8.7424e-02 6.2571e-03
1.9953e+02 1.9520e+02 -6.0000e+00 1.4075e+00 1.0680e+00 1.2055e+00 7.2669e-01 3.3269e-01 3.3335e-01 2.6216e-01 2.4453e-01 8.3412e-02 6.1403e-02
1.9953e+02 2.0447e+02 -6.0000e+00 9.7209e-01 7.6923e-01 5.4141e-01 4.2897e-01 5.7725e-01 2.6851e-01 2.1626e-01 1.4398e-01 3.2938e-01 5.7217e-03
1.9953e+02 1.9703e+02 -6.0000e+00 7.6960e-01 8.0552e-01 1.1001e-01 5.5082e-01 5.2968e-01 2.9246e-01 4.1730e-01 1.9158e-01 1.0732e-01 2.2504e-02
1.9953e+02 2.0504e+02 -6.0000e+00 1.3693e+00 1.6263e+00 1.3387e+00 1.3114e+00 4.9459e-01 6.7424e-01 4.5873e-01 5.2421e-01 1.2369e-01 2.1637e-01
1.9953e+02 1.9605e+02 -6.0000e+00 5.8588e-01 9.1917e-01 1.0020e-01 4.5886e-01 2.9232e-01 3.5810e-01 2.7868e-01 3.5006e-01 1.4323e-01 9.7224e-03
1.9953e+02 2.0188e+02 -6.0000e+00 1.0439e+00 1.0211e+00 7.8164e-01 7.2898e-01 2.7679e-01 4.3677e-01 1.6121e-01 3.9128e-01 7.1392e-02 7.8511e-02
2.2387e+02 2.2024e+02 -7.0000e+00 1.1226e+00 1.1631e+00 8.8329e-01 1.0348e+00 5.1273e-01 4.8362e-01 2.9473e-01 3.5828e-01 1.4702e-01 1.4850e-01
2.2387e+02 2.2266e+02 -7.0000e+00 9.5232e-01 1.0950e+00 5.7784e-01 5.1224e-01 4.7689e-01 3.1449e-01 3.7840e-01 2.4121e-01 1.4472e-01 2.1423e-02
2.2387e+02 2.2945e+02 -7.0000e+00 1.0132e+00 1.0763e+00 7.2677e-01 6.3838e-01 5.9127e-01 4.1344e-01 3.5719e-01 3.4128e-01 1.3849e-01 1.5537e-01
2.2387e+02 2.2831e+02 -7.0000e+00 1.6374e+00 1.8470e+00 1.5270e+00 1.6369e+00 4.8601e-01 5.4319e-01 3.3110e-01 4.2077e-01 1.6302e-02 1.4435e-02
2.2387e+02 2.2149e+02 -7.0000e+00 1.1748e+00 1.0872e+00 8.2370e-01 5.8568e-01 4.7781e-01 4.7510e-01 3.0427e-01 3.6516e-01 1.0899e-01 4.5419e-02
2.2387e+02 2.2533e+02 -7.0000e+00 1.1446e+00 1.0213e+00 8.4892e-01 6.2691e-01 4.6458e-01 3.8996e-01 4.0430e-01 1.9332e-01 7.5726e-02 1.3071e-01
2.2387e+02 2.2277e+02 -7.0000e+00 2.6980e+00 2.7591e+00 2.6571e+00 2.6452e+00 4.5014e-01 5.2510e-01 2.1608e-01 4.2730e-01 1.6697e-01 8.6976e-02
2.2387e+02 2.2594e+02 -7.0000e+00 9.1992e-01 1.0656e+00 6.3930e-01 8.9038e-01 4.0918e-01 4.4227e-01 3.5199e-01 3.8636e-01 1.2159e-01 2.0331e-02
2.2387e+02 2.1511e+02 -7.0000e+00 1.1596e+00 1.0918e+00 1.0590e+00 5.5342e-01 3.4770e-01 6.1267e-01 1.6028e-01 3.8565e-01 7.7857e-02 8.1150e-02
2.2387e+02 2.0907e+02 -7.0000e+00 1.7262e+00 1.2042e+00 1.3715e+00 9.5579e-01 6.2246e-01 4.2732e-01 1.0961e-01 2.8921e-01 1.4980e-01 7.1634e-02
2.5119e+02 2.4560e+02 -8.0000e+00 1.5319e+00 1.3833e+00 1.1837e+00 1.0213e+00 6.3608e-01 5.7407e-01 3.7475e-01 2.4271e-01 9.2463e-02 4.4043e-02
2.5119e+02 2.4668e+02 -8.0000e+00 1.4370e+00 1.5037e+00 1.1530e+00 1.0933e+00 5.3166e-01 6.8594e-01 3.5865e-01 4.6199e-01 1.0657e-01 1.4722e-01
2.5119e+02 2.5598e+02 -8.0000e+00 2.0804e+00 1.8637e+00 2.0120e+00 1.5330e+00 5.3064e-01 3.9620e-01 5.2568e-01 3.5618e-01 1.2861e-01 6.1128e-02
2.5119e+02 2.6006e+02 -8.0000e+00 9.7283e-01 9.7922e-01 4.1213e-01 5.6879e-01 5.6526e-01 3.6765e-01 3.6711e-01 3.1855e-01 2.9596e-02 9.5990e-03
2.5119e+02 2.4655e+02 -8.0000e+00 1.5618e+00 1.5728e+00 1.2771e+00 1.0769e+00 4.6278e-01 6.9811e-01 3.9291e-01 5.2042e-01 4.5646e-02 1.2627e-02
2.5119e+02 2.4687e+02 -8.0000e+00 1.1986e+00 1.2625e+00 9.8083e-01 9.3199e-01 5.2341e-01 3.5609e-01 4.0370e-01 3.5739e-01 1.9751e-01 3.3297e-02
2.5119e+02 2.5662e+02 -8.0000e+00 6.0987e-01 8.9283e-01 5.0612e-01 5.4522e-01 2.8181e-01 3.1867e-01 1.2332e-01 2.6357e-01 1.8115e-01 5.1054e-02
2.5119e+02 2.5308e+02 -8.0000e+00 1.8375e+00 1.9596e+00 1.7231e+00 1.8100e+00 3.9615e-01 5.0380e-01 3.4066e-01 4.5197e-01 1.0096e-01 9.1941e-02
2.5119e+02 2.5025e+02 -8.0000e+00 1.0878e+00 8.6583e-01 7.2607e-01 5.1944e-01 4.6208e-01 2.5905e-01 3.7336e-01 2.1038e-01 1.9438e-01 2.7214e-02
2.5119e+02 2.4744e+02 -8.0000e+00 1.0458e+00 1.1248e+00 6.9607e-01 4.9086e-01 5.1376e-01 4.1583e-01 1.4358e-01 3.0468e-01 1.6370e-01 2.8564e-03
2.8184e+02 2.7229e+02 -9.0000e+00 8.5051e-01 1.0672e+00 4.7710e-01 6.7429e-01 2.6355e-01 6.1565e-01 1.7282e-01 4.3949e-01 1.2430e-01 9.9132e-02
2.8184e+02 2.8803e+02 -9.0000e+00 1.3853e+00 1.2799e+00 7.8500e-01 9.6850e-01 6.0461e-01 7.7114e-01 1.0017e-01 7.0955e-01 1.4011e-01 1.1669e-01
2.8184e+02 2.8173e+02 -9.0000e+00 9.1564e-01 1.1256e+00 1.0001e-01 8.1279e-01 3.6441e-01 7.2461e-01 2.6458e-01 6.5474e-01 1.0086e-01 7.4317e-02
2.8184e+02 2.9106e+02 -9.0000e+00 1.4895e+00 1.6701e+00 1.2167e+00 1.2401e+00 4.4381e-01 4.7712e-01 2.9939e-01 3.9816e-01 1.7542e-01 1.1013e-01
2.8184e+02 2.8351e+02 -9.0000e+00 1.7917e+00 1.7461e+00 1.4559e+00 1.2709e+00 7.0528e-01 5.1178e-01 5.8540e-01 3.6996e-01 2.6220e-01 3.0611e-02
2.8184e+02 2.7208e+02 -9.0000e+00 1.1354e+00 1.1228e+00 4.5935e-01 4.5617e-01 6.6180e-01 5.6526e-01 3.8125e-01 4.6745e-01 1.4200e-01 5.6768e-02
2.8184e+02 2.8543e+02 -9.0000e+00 1.7813e+00 1.1687e+00 1.2641e+00 9.4924e-01 3.6969e-01 4.5699e-01 1.7787e-01 2.5133e-01 8.1176e-02 5.3124e-02
2.8184e+02 2.8535e+02 -9.0000e+00 1.9800e+00 1.9759e+00 1.3788e+00 1.5636e+00 9.8544e-01 7.5214e-01 6.5823e-01 6.8908e-01 2.7249e-01 5.6478e-02
2.8184e+02 2.8954e+02 -9.0000e+00 2.0002e+00 1.9987e+00 1.8594e+00 1.8825e+00 6.3189e-01 4.9624e-01 3.2024e-01 4.3094e-01 1.4865e-01 7.0304e-02
2.8184e+02 2.7244e+02 -9.0000e+00 1.3410e+00 1.1671e+00 9.5645e-01 7.1703e-01 5.5056e-01 5.9420e-01 2.9485e-01 2.7097e-01 7.4878e-02 2.6088e-02
3.1623e+02 3.1911e+02 -1.0000e+01 2.4460e+00 2.0021e+00 2.1238e+00 1.7627e+00 7.7970e-01 5.0849e-01 5.6935e-01 4.1933e-01 1.2638e-02 3.7458e-02
3.1623e+02 3.2156e+02 -1.0000e+01 2.4126e+00 2.2387e+00 2.0792e+00 1.9322e+00 7.5083e-01 5.8590e-01 4.3079e-01 3.2456e-01 2.2546e-01 5.3470e-02
3.1623e+02 3.1707e+02 -1.0000e+01 2.3447e+00 1.8703e+00 2.0010e+00 1.5108e+00 4.8551e-01 5.9549e-01 1.0043e-01 4.0014e-01 8.8684e-02 1.8908e-01
3.1623e+02 3.1560e+02 -1.0000e+01 1.1344e+00 1.3808e+00 1.1410e-01 9.9227e-01 5.7985e-01 6.8963e-01 4.7281e-01 5.7591e-01 1.4777e-01 5.8263e-02
3.1623e+02 3.1218e+02 -1.0000e+01 1.8247e+00 2.2405e+00 1.5990e+00 2.0446e+00 7.1498e-01 5.3242e-01 5.4769e-01 1.5208e-01 1.4929e-02 5.2637e-02
3.1623e+02 3.1561e+02 -1.0000e+01 2.8865e+00 2.5927e+00 2.7076e+00 2.2643e+00 5.2061e-01 7.6075e-01 1.0738e-01 1.4863e-01 7.1853e-02 2.2070e-02
3.1623e+02 3.1410e+02 -1.0000e+01 1.4048e+00 1.1970e+00 6.7846e-01 7.8954e-01 9.7187e-01 5.4302e-01 5.0018e-01 3.9208e-01 3.3156e-01 7.4906e-02
3.1623e+02 3.1964e+02 -1.0000e+01 2.3293e+00 3.0370e+00 1.9777e+00 2.8155e+00 5.8097e-01 5.9073e-01 5.0057e-01 4.4502e-01 7.3320e-02 2.5727e-01
3.1623e+02 3.0655e+02 -1.0000e+01 2.1853e+00 3.0272e+00 1.9398e+00 2.7455e+00 8.8325e-01 7.9093e-01 6.7504e-01 6.4582e-01 3.4091e-01 2.4705e-02
3.1623e+02 3.2445e+02 -1.0000e+01 1.4199e+00 1.5914e+00 9.7762e-01 1.1958e+00 6.6574e-01 8.1745e-01 5.1597e-01 4.6237e-01 2.7473e-01 3.7750e-01
3.5481e+02 3.5058e+02 -1.1000e+01 1.9171e+00 1.7289e+00 1.3414e+00 6.3436e-01 8.0785e-01 7.7862e-01 1.9014e-01 4.3352e-01 3.1897e-01 5.8121e-02
3.5481e+02 3.4396e+02 -1.1000e+01 3.4455e+00 3.3764e+00 3.2571e+00 3.1754e+00 5.6863e-01 9.3125e-01 5.2413e-01 5.9829e-01 2.2061e-01 1.9971e-01
3.5481e+02 3.4077e+02 -1.1000e+01 1.1866e+00 1.3240e+00 7.7695e-01 5.3492e-01 6.3871e-01 3.1040e-01 5.2043e-01 1.2855e-01 2.3022e-01 3.9860e-02
3.5481e+02 3.6230e+02 -1.1000e+01 1.2982e+00 1.6906e+00 7.6463e-01 6.2151e-01 6.3530e-01 6.1513e-01 1.2874e-01 5.7526e-01 8.3432e-02 4.4469e-02
3.9811e+02 3.9336e+02 -1.2000e+01 2.1393e+00 1.9347e+00 1.7561e+00 1.2575e+00 9.2928e-01 9.1904e-01 1.8711e-01 4.3594e-01 3.5789e-01 6.5213e-02
3.9811e+02 3.8593e+02 -1.2000e+01 3.6771e+00 3.7256e+00 3.4770e+00 3.4043e+00 6.5878e-01 1.0603e+00 5.7636e-01 6.7573e-01 2.4753e-01 2.2408e-01
3.9811e+02 3.8235e+02 -1.2000e+01 1.3930e+00 1.4434e+00 6.8660e-01 5.7460e-01 7.3361e-01 3.7719e-01 5.3956e-01 2.0514e-01 2.5831e-01 4.4723e-02
3.9811e+02 4.0651e+02 -1.2000e+01 1.4980e+00 1.8631e+00 9.0806e-01 6.2182e-01 6.8952e-01 6.9208e-01 1.3761e-01 6.3838e-01 9.3612e-02 4.9894e-02
3.9811e+02 3.9803e+02 -1.2000e+01 4.7065e+00 4.2046e+00 4.5155e+00 3.8022e+00 9.9909e-01 7.5645e-01 7.9723e-01 5.0528e-01 4.6089e-01 2.0426e-01
3.9811e+02 3.9168e+02 -1.2000e+01 2.1909e+00 2.3777e+00 1.7933e+00 2.1143e+00 6.0540e-01 5.8582e-01 4.0950e-01 3.7941e-01 2.9147e-01 1.9942e-02
3.9811e+02 3.9348e+02 -1.2000e+01 4.1572e+00 3.8909e+00 3.8819e+00 3.4872e+00 4.5178e-01 9.4539e-01 2.7954e-01 4.5947e-01 2.0067e-01 1.6028e-01
3.9811e+02 3.8739e+02 -1.2000e+01 1.7383e+00 1.7238e+00 1.1328e+00 9.0303e-01 8.9123e-01 7.3900e-01 4.0405e-01 4.2345e-01 8.7069e-02 2.2570e-01
3.9811e+02 3.9929e+02 -1.2000e+01 1.8578e+00 1.6449e+00 1.4750e+00 6.6818e-01 1.1769e+00 6.6953e-01 9.4707e-01 2.5408e-01 2.9327e-01 8.7478e-03
3.9811e+02 3.9143e+02 -1.2000e+01 2.3570e+00 2.3033e+00 2.1535e+00 1.5912e+00 1.0881e+00 9.0320e-01 1.0255e+00 2.6417e-01 4.2774e-01 1.2111e-01
4.4668e+02 4.5010e+02 -1.3000e+01 1.9791e+00 2.0640e+00 1.5659e+00 1.4531e+00 7.4062e-01 4.2107e-01 6.1754e-01 3.2052e-01 3.5188e-01 3.7532e-02
4.4668e+02 4.6020e+02 -1.3000e+01 2.3666e+00 2.2040e+00 1.7175e+00 9.6174e-01 1.2489e+00 1.1037e+00 9.8854e-01 4.8619e-01 5.4149e-01 8.9747e-04
4.4668e+02 4.4177e+02 -1.3000e+01 3.7172e+00 4.0234e+00 3.3403e+00 3.6206e+00 3.1997e-01 7.5459e-01 2.5965e-01 6.2628e-01 1.6323e-01 7.1421e-02
4.4668e+02 4.3059e+02 -1.3000e+01 2.3759e+00 2.0600e+00 1.3441e+00 1.0736e+00 8.6361e-01 7.1057e-01 1.2879e-01 5.0888e-01 2.2922e-01 1.2077e-02
4.4668e+02 4.4365e+02 -1.3000e+01 3.2775e+00 3.0718e+00 2.7405e+00 2.7022e+00 1.2325e+00 1.0450e+00 1.1138e+00 7.1452e-01 1.4610e-01 1.5860e-02
4.4668e+02 4.3344e+02 -1.3000e+01 1.9429e+00 2.1279e+00 1.5132e+00 1.5037e+00 7.4696e-01 8.2547e-01 4.4683e-01 2.9737e-01 4.2099e-01 3.6867e-02
4.4668e+02 4.5095e+02 -1.3000e+01 1.6509e+00 2.0586e+00 1.3551e+00 6.3741e-01 1.1436e+00 1.2628e+00 8.0958e-01 6.4306e-01 4.9046e-01 2.7538e-01
4.4668e+02 4.3700e+02 -1.3000e+01 2.1296e+00 2.0188e+00 1.7141e+00 7.6725e-01 8.3205e-01 6.9413e-01 6.8366e-01 3.9496e-01 3.5961e-01 2.7340e-02
4.4668e+02 4.5025e+02 -1.3000e+01 2.2882e+00 2.5851e+00 1.9586e+00 1.8881e+00 1.0972e+00 9.6923e-01 6.4771e-01 2.5148e-01 3.5595e-01 1.2289e-01
4.4668e+02 4.4498e+02 -1.3000e+01 1.1555e+00 1.7963e+00 1.0032e-01 6.6960e-01 8.8799e-01 9.2412e-01 1.0721e-01 5.1350e-01 1.4544e-01 1.9482e-01
5.0119e+02 4.8689e+02 -1.4000e+01 7.6113e+00 7.0874e+00 7.2548e+00 6.8095e+00 1.0731e+00 9.8853e-01 4.1062e-01 8.2370e-01 2.9090e-01 1.5938e-01
5.0119e+02 5.1913e+02 -1.4000e+01 2.6809e+00 2.5141e+00 1.7497e+00 1.3137e+00 1.1301e+00 1.1650e+00 7.1885e-01 7.3402e-01 2.6068e-01 6.4765e-02
5.0119e+02 4.9406e+02 -1.4000e+01 3.4309e+00 3.2598e+00 2.9875e+00 2.2623e+00 8.6795e-01 1.4386e+00 7.9861e-01 1.1231e+00 3.8545e-01 1.0605e-01
5.0119e+02 5.0000e+02 -1.4000e+01 2.0206e+00 1.9264e+00 1.7815e+00 1.1368e+00 1.0405e+00 8.0374e-01 8.8983e-01 3.3348e-01 7.6420e-01 3.4893e-01
5.0119e+02 5.0244e+02 -1.4000e+01 3.7438e+00 3.7172e+00 3.6329e+00 3.3272e+00 7.6835e-01 7.7523e-01 5.0717e-01 3.5254e-01 4.4460e-01 1.6442e-01
5.0119e+02 5.1086e+02 -1.4000e+01 1.6231e+00 2.4073e+00 1.0321e+00 1.1004e+00 8.2066e-01 9.7275e-01 3.8033e-01 6.8631e-01 1.5678e-01 2.9766e-01
5.0119e+02 4.9734e+02 -1.4000e+01 3.7377e+00 3.4464e+00 3.4342e+00 3.0440e+00 8.9819e-01 5.5381e-01 4.6946e-01 2.1173e-02 1.6207e-01 2.5531e-02
5.0119e+02 4.9619e+02 -1.4000e+01 2.0482e+00 2.1981e+00 1.7238e+00 1.7148e+00 8.9065e-01 1.0035e+00 6.8372e-01 7.0804e-01 4.0681e-01 2.5472e-01
5.0119e+02 5.1588e+02 -1.4000e+01 5.4911e+00 5.3954e+00 5.2099e+00 4.9181e+00 7.9535e-01 8.7901e-01 2.2724e-01 5.4093e-01 2.8829e-01 1.6732e-01
5.0119e+02 5.1370e+02 -1.4000e+01 2.4056e+00 2.5136e+00 1.1819e+00 1.4610e+00 8.7730e-01 9.7372e-01 1.1202e-01 2.4190e-01 3.6812e-01 1.0936e-01
5.6234e+02 5.5930e+02 -1.5000e+01 1.3666e+00 2.1954e+00 7.7669e-01 1.1552e+00 8.0576e-01 1.5094e+00 6.5938e-01 1.0791e+00 2.2208e-01 3.5641e-01
5.6234e+02 5.6484e+02 -1.5000e+01 2.0325e+00 2.0949e+00 9.6834e-01 8.4064e-01 1.1010e+00 1.2143e+00 9.0024e-01 9.7270e-01 7.6233e-01 4.9618e-01
5.6234e+02 5.7479e+02 -1.5000e+01 2.4382e+00 1.5751e+00 8.8158e-01 9.1354e-01 9.3405e-01 9.5734e-01 4.1640e-01 6.3066e-01 1.6857e-01 2.3279e-01
5.6234e+02 5.6735e+02 -1.5000e+01 4.2150e+00 4.1926e+00 3.2076e+00 2.8653e+00 9.2030e-01 1.1862e+00 1.2018e-01 6.9304e-01 3.3310e-01 4.3723e-02
5.6234e+02 5.5796e+02 -1.5000e+01 2.1180e+00 2.4263e+00 1.4279e+00 7.5885e-01 1.0914e+00 8.0405e-01 9.7885e-01 3.4174e-01 5.2410e-01 1.9614e-01
5.6234e+02 5.5412e+02 -1.5000e+01 3.4903e+00 2.7390e+00 2.6388e+00 2.3684e+00 1.5848e+00 1.0141e+00 1.3080e+00 6.0059e-01 4.7032e-01 1.2475e-01
5.6234e+02 5.7388e+02 -1.5000e+01 3.7084e+00 3.1781e+00 2.7705e+00 2.1814e+00 1.8668e+00 1.2087e+00 1.2184e+00 1.0443e+00 6.8784e-01 4.5149e-01
5.6234e+02 5.7242e+02 -1.5000e+01 4.0407e+00 3.9071e+00 3.8608e+00 3.5543e+00 1.1266e+00 9.8365e-01 1.0095e+00 4.9780e-01 5.6731e-01 1.4068e-01
5.6234e+02 5.4807e+02 -1.5000e+01 2.2871e+00 2.4306e+00 1.1250e+00 1.6870e+00 1.3010e+00 1.1804e+00 9.0165e-01 9.7864e-01 7.3106e-01 1.6080e-01
5.6234e+02 5.4325e+02 -1.5000e+01 3.1899e+00 2.8428e+00 2.5589e+00 2.2185e+00 1.4835e+00 1.2968e+00 1.1322e+00 8.6339e-01 2.3917e-01 8.4086e-02
6.3096e+02 6.3565e+02 -1.6000e+01 4.5612e+00 4.5585e+00 3.3811e+00 3.9679e+00 1.3398e+00 2.3839e+00 8.9346e-01 1.7122e+00 1.8030e-01 3.7757e-01
6.3096e+02 6.2569e+02 -1.6000e+01 3.1319e+00 3.0305e+00 2.6735e+00 2.3574e+00 1.1188e+00 1.2895e+00 4.8631e-01 7.3302e-01 2.0361e-01 2.2043e-01
6.3096e+02 6.5101e+02 -1.6000e+01 2.7552e+00 2.5831e+00 1.7404e+00 1.4710e+00 2.1144e+00 1.2024e+00 1.6408e-01 8.8164e-01 2.4239e-01 2.3561e-01
6.3096e+02 6.4032e+02 -1.6000e+01 2.3246e+00 2.3132e+00 1.1651e+00 7.2719e-01 1.5362e+00 1.3157e+00 7.7530e-01 5.6330e-01 2.7646e-01 1.9787e-02
6.3096e+02 6.1726e+02 -1.6000e+01 5.1643e+00 3.8631e+00 4.6030e+00 3.2314e+00 9.2079e-01 9.7197e-01 4.6965e-01 6.5795e-01 2.6377e-01 1.9417e-01
6.3096e+02 6.4658e+02 -1.6000e+01 3.2645e+00 2.9357e+00 2.1165e+00 1.8133e+00 1.7770e+00 7.7934e-01 1.1489e+00 7.5271e-01 1.0416e+00 1.8093e-02
6.3096e+02 6.2306e+02 -1.6000e+01 2.2591e+00 2.5100e+00 1.3816e+00 1.6485e+00 1.4998e+00 9.1742e-01 1.1486e+00 6.2542e-01 3.3937e-01 7.1164e-02
6.3096e+02 6.4838e+02 -1.6000e+01 3.1926e+00 3.7815e+00 2.3653e+00 2.7763e+00 1.4920e+00 2.0285e+00 1.3606e+00 1.6949e+00 3.9116e-01 6.8422e-01
6.3096e+02 6.1997e+02 -1.6000e+01 2.0885e+00 3.0650e+00 1.3879e+00 5.4406e-01 8.7491e-01 1.1927e+00 7.6016e-01 1.0446e+00 4.5294e-01 3.0745e-02
6.3096e+02 6.3841e+02 -1.6000e+01 3.3997e+00 3.2556e+00 2.5142e+00 1.9722e+00 9.4367e-01 1.5054e+00 4.5523e-01 8.7325e-01 2.2576e-01 2.4827e-01
7.0795e+02 6.9647e+02 -1.7000e+01 3.1623e+00 3.5661e+00 2.6449e+00 2.7990e+00 1.4838e+00 1.4946e+00 9.4381e-01 6.5900e-01 4.6492e-01 4.6958e-01
7.0795e+02 7.0410e+02 -1.7000e+01 2.9569e+00 3.7111e+00 2.2970e+00 2.3586e+00 1.4993e+00 1.1184e+00 1.2493e+00 9.5954e-01 4.5766e-01 6.7746e-02
7.0795e+02 7.2560e+02 -1.7000e+01 3.7311e+00 3.9114e+00 3.0822e+00 3.1955e+00 2.0829e+00 1.3561e+00 1.2357e+00 9.9715e-01 4.3793e-01 4.9134e-01
7.0795e+02 7.2196e+02 -1.7000e+01 6.2173e+00 7.2986e+00 5.8918e+00 6.6167e+00 1.5084e+00 1.6061e+00 1.2992e+00 1.4498e+00 5.1552e-02 4.5648e-02
7.0795e+02 7.0041e+02 -1.7000e+01 3.0291e+00 2.7925e+00 1.8361e+00 1.7296e+00 1.7377e+00 1.7211e+00 1.2327e+00 5.0947e-01 3.4466e-01 1.4363e-01
7.0795e+02 7.1254e+02 -1.7000e+01 3.2038e+00 2.7533e+00 2.6239e+00 1.9345e+00 1.4495e+00 9.8446e-01 1.1739e+00 7.1261e-01 2.3947e-01 4.1334e-01
7.0795e+02 7.0445e+02 -1.7000e+01 7.0755e+00 7.2081e+00 6.7754e+00 6.7182e+00 1.2775e+00 1.8474e+00 7.5067e-01 1.3493e+00 5.2800e-01 2.7504e-01
7.0795e+02 7.1450e+02 -1.7000e+01 2.8859e+00 3.2097e+00 1.7944e+00 2.3477e+00 1.1498e+00 1.3394e+00 9.4075e-01 1.2429e+00 3.8450e-01 6.4291e-02
7.0795e+02 6.8023e+02 -1.7000e+01 3.7708e+00 3.2799e+00 3.3195e+00 2.2831e+00 1.1463e+00 1.9451e+00 9.7638e-01 1.1669e+00 2.4621e-01 2.5662e-01
7.0795e+02 6.6115e+02 -1.7000e+01 5.5343e+00 4.2532e+00 4.9882e+00 3.5707e+00 1.8553e+00 1.2808e+00 1.2072e+00 1.1254e+00 4.7372e-01 2.2653e-01
7.9433e+02 7.7667e+02 -1.8000e+01 5.5422e+00 4.9253e+00 5.1148e+00 4.2054e+00 1.8187e+00 1.6950e+00 1.1301e-01 1.2807e+00 2.9239e-01 1.3928e-01
7.9433e+02 7.8007e+02 -1.8000e+01 3.5367e+00 4.0791e+00 2.7044e+00 2.2397e+00 1.4051e+00 2.2136e+00 7.5631e-01 8.8826e-01 3.3701e-01 4.6555e-01
7.9433e+02 8.0948e+02 -1.8000e+01 6.1339e+00 5.9882e+00 5.8555e+00 5.1554e+00 1.6471e+00 1.3002e+00 1.4196e+00 1.1963e+00 4.0669e-01 1.9330e-01
7.9433e+02 8.2237e+02 -1.8000e+01 3.0261e+00 2.8238e+00 7.1551e-01 1.8021e+00 1.6067e+00 1.1203e+00 1.3352e+00 8.9844e-01 9.3590e-02 3.0355e-02
7.9433e+02 7.7967e+02 -1.8000e+01 6.2066e+00 6.1035e+00 5.8455e+00 5.0453e+00 1.3445e+00 2.1773e+00 1.2425e+00 1.4003e+00 1.4434e-01 3.9932e-02
7.9433e+02 7.8068e+02 -1.8000e+01 3.5802e+00 3.9673e+00 3.0377e+00 3.2423e+00 1.4744e+00 1.0364e+00 1.1763e+00 7.5280e-01 6.2459e-01 1.0529e-01
7.9433e+02 8.1149e+02 -1.8000e+01 2.1627e+00 2.6130e+00 8.2340e-01 1.6578e+00 1.1504e+00 1.0937e+00 4.8912e-01 7.3712e-01 5.7285e-01 1.6145e-01
7.9433e+02 8.0029e+02 -1.8000e+01 5.6910e+00 6.0668e+00 5.1994e+00 5.8856e+00 1.2831e+00 1.6879e+00 1.0155e+00 1.3223e+00 3.1925e-01 2.9074e-01
7.9433e+02 7.9136e+02 -1.8000e+01 3.1608e+00 2.7366e+00 1.8171e+00 2.0122e+00 1.4522e+00 8.4093e-01 1.0443e+00 6.8507e-01 6.1468e-01 8.6059e-02
7.9433e+02 7.8248e+02 -1.8000e+01 3.2421e+00 3.6151e+00 2.4650e+00 2.1928e+00 1.8013e+00 1.2748e+00 9.3501e-01 7.0127e-01 5.1765e-01 9.0327e-03
8.9125e+02 8.6104e+02 -1.9000e+01 2.5173e+00 3.2598e+00 1.5718e+00 1.7591e+00 9.6213e-01 1.7112e+00 2.1933e-01 1.6281e+00 3.9308e-01 3.1348e-01
8.9125e+02 9.1083e+02 -1.9000e+01 4.4295e+00 4.1074e+00 3.0367e+00 2.9570e+00 1.9144e+00 2.3345e+00 1.0087e-01 1.9356e+00 4.4306e-01 3.6902e-01
8.9125e+02 8.9089e+02 -1.9000e+01 2.9976e+00 3.6655e+00 1.5348e+00 1.4834e+00 1.1677e+00 2.4892e+00 8.7903e-01 2.0203e+00 3.1896e-01 2.3501e-01
8.9125e+02 9.2043e+02 -1.9000e+01 5.5012e+00 6.1185e+00 4.8493e+00 4.9052e+00 1.1514e+00 1.5415e+00 1.0767e+00 7.7068e-01 5.5474e-01 3.4828e-01
8.9125e+02 8.9652e+02 -1.9000e+01 5.2754e+00 4.9437e+00 4.5479e+00 3.5829e+00 2.1209e+00 1.5658e+00 1.5756e+00 1.2427e+00 8.2915e-01 9.6801e-02
8.9125e+02 8.6039e+02 -1.9000e+01 3.1758e+00 3.6490e+00 7.8376e-01 2.1162e+00 1.6322e+00 1.9529e+00 1.2392e+00 1.3966e+00 4.4905e-01 1.7952e-01
8.9125e+02 9.0261e+02 -1.9000e+01 4.6639e+00 3.5126e+00 3.8852e+00 2.8163e+00 1.0974e+00 1.2572e+00 6.0124e-01 7.7502e-01 2.5670e-01 1.6799e-01
8.9125e+02 9.0235e+02 -1.9000e+01 4.9567e+00 4.3915e+00 2.6565e+00 2.2360e+00 3.1623e+00 2.4389e+00 1.8959e+00 1.7252e+00 8.6168e-01 1.7860e-01
8.9125e+02 9.1561e+02 -1.9000e+01 6.3907e+00 6.5138e+00 5.7623e+00 6.0942e+00 1.9990e+00 1.6444e+00 1.0060e+00 9.6602e-01 4.7006e-01 2.2232e-01
8.9125e+02 8.6153e+02 -1.9000e+01 4.8507e+00 4.2713e+00 3.4371e+00 3.3202e+00 1.6803e+00 1.6088e+00 8.1702e-01 4.5490e-01 2.3679e-01 8.2496e-02
1.0000e+03 1.0091e+03 -2.0000e+01 6.3927e+00 4.9645e+00 4.9070e+00 4.0638e+00 2.5223e+00 1.4992e+00 2.1820e+00 1.2173e+00 3.9964e-02 1.1845e-01
1.0000e+03 1.0169e+03 -2.0000e+01 6.7939e+00 6.2184e+00 5.7977e+00 5.6722e+00 2.3348e+00 1.8820e+00 1.4528e+00 1.4174e+00 7.1295e-01 1.6909e-01
1.0000e+03 1.0027e+03 -2.0000e+01 6.1925e+00 5.7207e+00 5.4912e+00 4.2830e+00 1.2987e+00 2.0367e+00 9.3274e-01 1.0414e+00 2.8044e-01 5.9791e-01
1.0000e+03 9.9802e+02 -2.0000e+01 3.5229e+00 4.8296e+00 2.0420e+00 3.4593e+00 1.5241e+00 2.3481e+00 1.2958e+00 2.0712e+00 4.6730e-01 1.8424e-01
1.0000e+03 9.8721e+02 -2.0000e+01 4.9295e+00 5.8029e+00 3.6031e+00 4.8710e+00 2.1756e+00 1.4717e+00 1.4136e+00 5.5642e-01 4.7211e-02 1.6645e-01
1.0000e+03 9.9804e+02 -2.0000e+01 8.9048e+00 8.0137e+00 8.2762e+00 7.1739e+00 1.3137e+00 2.3209e+00 1.0122e+00 8.6475e-01 2.2722e-01 6.9791e-02
1.0000e+03 9.9326e+02 -2.0000e+01 4.0038e+00 3.6038e+00 1.8044e+00 1.8321e+00 2.9823e+00 1.5889e+00 1.9469e+00 1.3253e+00 1.0485e+00 2.3687e-01
1.0000e+03 1.0108e+03 -2.0000e+01 7.0572e+00 8.8646e+00 6.3840e+00 8.5873e+00 1.8497e+00 1.7584e+00 1.6526e+00 1.3228e+00 2.3186e-01 8.1356e-01
1.0000e+03 9.6939e+02 -2.0000e+01 8.4697e+00 1.1306e+01 7.8483e+00 1.0698e+01 2.7494e+00 2.3007e+00 1.8124e+00 2.0204e+00 1.0780e+00 7.8124e-02
1.0000e+03 1.0260e+03 -2.0000e+01 3.4787e+00 5.1050e+00 2.0546e+00 3.4188e+00 1.9252e+00 2.5157e+00 1.1083e+00 1.8346e+00 8.6879e-01 1.1938e+00
