# noise_perc_th noise_perc SNR_dB NN_nosym_f1 NN_nosym_f2 NN_postSR_f1_nosym NN_postSR_f2_nosym NN_sym_f1 NN_sym_f2 NN_postSR_f1 NN_postSR_f2 Param_f1 Param_f2
1.0000e+00 1.0000e+00 4.0000e+01 1.1871e-01 5.1387e-02 3.0764e-01 3.3436e-02 1.1432e-01 5.6910e-02 3.0760e-01 4.0291e-02 2.8570e-01 2.9799e-02
1.0000e+00 1.0000e+00 4.0000e+01 1.2266e-01 6.3645e-02 3.0594e-01 4.2244e-02 1.0896e-01 5.8879e-02 3.0605e-01 3.8346e-02 2.4489e-01 3.6986e-02
1.0000e+00 1.0000e+00 4.0000e+01 1.4216e-01 8.0287e-02 2.5664e-01 4.4443e-02 1.3296e-01 6.9321e-02 2.7195e-01 4.5263e-02 2.8243e-01 3.0720e-02
1.0000e+00 1.0000e+00 4.0000e+01 1.7846e-01 8.3632e-02 3.0542e-01 7.5591e-02 1.1433e-01 7.0581e-02 3.0514e-01 5.5367e-02 2.3978e-01 2.6597e-02
1.0000e+00 1.0000e+00 4.0000e+01 1.4350e-01 6.9774e-02 3.0485e-01 6.4305e-03 1.2986e-01 6.1811e-02 3.0503e-01 2.4406e-04 2.8912e-01 3.1920e-02
1.0000e+00 1.0000e+00 4.0000e+01 1.3775e-01 7.7429e-02 3.0682e-01 4.1321e-02 1.1640e-01 6.7553e-02 3.0675e-01 5.4761e-02 2.6274e-01 3.8829e-02
1.0000e+00 1.0000e+00 4.0000e+01 1.3645e-01 6.2406e-02 3.0529e-01 1.2469e-02 1.1375e-01 6.6222e-02 3.0525e-01 5.6238e-02 2.4853e-01 2.7511e-02
1.0000e+00 1.0000e+00 4.0000e+01 1.7572e-01 1.1556e-01 3.0909e-01 9.9762e-02 1.2984e-01 5.7480e-02 3.0791e-01 1.8132e-03 2.7196e-01 2.5341e-02
1.0000e+00 1.0000e+00 4.0000e+01 1.9734e-01 1.3897e-01 3.4003e-01 1.3021e-01 1.2376e-01 6.1732e-02 3.0731e-01 3.6750e-02 2.5419e-01 1.8316e-02
1.0000e+00 1.0000e+00 4.0000e+01 1.3142e-01 6.1168e-02 3.0769e-01 7.1681e-03 1.1546e-01 5.8296e-02 3.0766e-01 3.3956e-02 2.4684e-01 4.0852e-02
1.1220e+00 1.1220e+00 3.9000e+01 1.2785e-01 4.9984e-02 3.0618e-01 1.4166e-02 1.1782e-01 6.4039e-02 3.0614e-01 4.2670e-02 2.6053e-01 3.7241e-02
1.1220e+00 1.1220e+00 3.9000e+01 1.5351e-01 6.2596e-02 3.0609e-01 1.9719e-02 1.3628e-01 7.3760e-02 2.7459e-01 5.2059e-02 2.8171e-01 3.2562e-02
1.1220e+00 1.1220e+00 3.9000e+01 1.5159e-01 8.0354e-02 3.0417e-01 4.4935e-02 1.3500e-01 6.6496e-02 3.0370e-01 5.0897e-02 2.7017e-01 3.6961e-02
1.1220e+00 1.1220e+00 3.9000e+01 1.3305e-01 5.4007e-02 3.0569e-01 1.2213e-02 1.2053e-01 6.1632e-02 3.0573e-01 3.8354e-02 2.6398e-01 3.4991e-02
1.1220e+00 1.1220e+00 3.9000e+01 1.3972e-01 6.6515e-02 3.0733e-01 7.4261e-03 1.2919e-01 7.3370e-02 2.5661e-01 4.9499e-02 2.6469e-01 3.2520e-02
1.1220e+00 1.1220e+00 3.9000e+01 1.6642e-01 9.5428e-02 3.0569e-01 7.6794e-02 1.4069e-01 7.1975e-02 3.0574e-01 5.3479e-02 2.9092e-01 3.8286e-02
1.1220e+00 1.1220e+00 3.9000e+01 1.4125e-01 7.7611e-02 3.0631e-01 4.2329e-02 1.2365e-01 7.6857e-02 3.0621e-01 5.1372e-02 2.5691e-01 3.8399e-02
1.1220e+00 1.1220e+00 3.9000e+01 2.0134e-01 1.3192e-01 3.3762e-01 1.1497e-01 1.3455e-01 7.0630e-02 3.0670e-01 4.0771e-02 2.7958e-01 3.2229e-02
1.1220e+00 1.1220e+00 3.9000e+01 1.6093e-01 7.0961e-02 3.0711e-01 2.9809e-02 1.3274e-01 7.7216e-02 3.0668e-01 5.2581e-02 2.6944e-01 3.7061e-02
1.1220e+00 1.1220e+00 3.9000e+01 1.6529e-01 8.8248e-02 3.0534e-01 4.3364e-02 1.4903e-01 6.3624e-02 3.0507e-01 1.2548e-02 2.6949e-01 3.2315e-02
1.2589e+00 1.2589e+00 3.8000e+01 1.5959e-01 7.2662e-02 3.0621e-01 4.3486e-02 1.4277e-01 6.7360e-02 2.6856e-01 5.6291e-02 2.8236e-01 3.5302e-02
1.2589e+00 1.2589e+00 3.8000e+01 1.8888e-01 1.3167e-01 3.3064e-01 1.1815e-01 1.3107e-01 7.3777e-02 3.0782e-01 5.2765e-02 2.6446e-01 3.4543e-02
1.2589e+00 1.2589e+00 3.8000e+01 1.6400e-01 9.2466e-02 3.0696e-01 1.3709e-03 1.4269e-01 7.5086e-02 3.0683e-01 6.2270e-02 2.8969e-01 3.5594e-02
1.2589e+00 1.2589e+00 3.8000e+01 1.4234e-01 5.0642e-02 3.0876e-01 6.9052e-03 1.3803e-01 7.8958e-02 2.5734e-01 6.9353e-02 2.7940e-01 3.5119e-02
1.2589e+00 1.2589e+00 3.8000e+01 1.6759e-01 6.9634e-02 3.0704e-01 5.4965e-02 1.3597e-01 7.2501e-02 3.0707e-01 4.9728e-02 2.6596e-01 3.9890e-02
1.2589e+00 1.2589e+00 3.8000e+01 1.5577e-01 8.2396e-02 2.5518e-01 4.3204e-02 1.4646e-01 5.9101e-02 3.0428e-01 3.6409e-02 2.8555e-01 2.9973e-02
1.2589e+00 1.2589e+00 3.8000e+01 1.6425e-01 5.9922e-02 3.0561e-01 3.7728e-02 1.4967e-01 6.7973e-02 3.0541e-01 3.9520e-02 2.9539e-01 3.1014e-02
1.2589e+00 1.2589e+00 3.8000e+01 1.4121e-01 5.4863e-02 2.5557e-01 1.2455e-02 1.3533e-01 6.0035e-02 2.5945e-01 4.6053e-02 2.7130e-01 3.6299e-02
1.2589e+00 1.2589e+00 3.8000e+01 1.4621e-01 7.8873e-02 3.0540e-01 4.2503e-03 1.3966e-01 5.8255e-02 3.0537e-01 3.7382e-02 2.7710e-01 2.6663e-02
1.2589e+00 1.2589e+00 3.8000e+01 1.5316e-01 6.4080e-02 3.0473e-01 3.0169e-02 1.3622e-01 7.4493e-02 3.0453e-01 5.0332e-02 2.7491e-01 2.7706e-02
1.4125e+00 1.4125e+00 3.7000e+01 2.5418e-01 1.8818e-01 3.6567e-01 1.7384e-01 1.5226e-01 7.2528e-02 3.0372e-01 5.5055e-02 2.8672e-01 3.4494e-02
1.4125e+00 1.4125e+00 3.7000e+01 1.7637e-01 5.6245e-02 3.0346e-01 3.1840e-02 1.4518e-01 7.3766e-02 3.0338e-01 5.2072e-02 2.8162e-01 4.1677e-02
1.4125e+00 1.4125e+00 3.7000e+01 1.8153e-01 8.6503e-02 3.0681e-01 5.2843e-02 1.5302e-01 6.9443e-02 2.5623e-01 4.3745e-02 2.8962e-01 2.8690e-02
1.4125e+00 1.4125e+00 3.7000e+01 1.5508e-01 6.1804e-02 3.0518e-01 1.0401e-02 1.3850e-01 6.5915e-02 3.0514e-01 3.6043e-02 2.8613e-01 2.4744e-02
1.4125e+00 1.4125e+00 3.7000e+01 1.9101e-01 1.0515e-01 3.0889e-01 7.1098e-02 1.5558e-01 6.3314e-02 2.6158e-01 9.6658e-03 2.9193e-01 2.9448e-02
1.4125e+00 1.4125e+00 3.7000e+01 1.7146e-01 6.0987e-02 2.7384e-01 4.3076e-02 1.4707e-01 6.2503e-02 3.0590e-01 4.4228e-02 2.9462e-01 2.4554e-02
1.4125e+00 1.4125e+00 3.7000e+01 1.6472e-01 9.5998e-02 3.0465e-01 5.0291e-02 1.5511e-01 6.9901e-02 3.0460e-01 6.2268e-02 2.7789e-01 3.6932e-02
1.4125e+00 1.4125e+00 3.7000e+01 1.5453e-01 5.6710e-02 3.0648e-01 7.0990e-03 1.4700e-01 7.2686e-02 2.5570e-01 6.0590e-02 2.8902e-01 3.9208e-02
1.4125e+00 1.4125e+00 3.7000e+01 1.7857e-01 1.0944e-01 3.0737e-01 9.6778e-02 1.4320e-01 7.5701e-02 2.5518e-01 6.0283e-02 2.6255e-01 2.7245e-02
1.4125e+00 1.4125e+00 3.7000e+01 1.5805e-01 6.8868e-02 3.0635e-01 2.2707e-02 1.4764e-01 7.2375e-02 3.0634e-01 5.4817e-02 2.7576e-01 3.7791e-02
1.5849e+00 1.5849e+00 3.6000e+01 1.5941e-01 9.3487e-02 2.5808e-01 5.4314e-02 1.3590e-01 6.9365e-02 3.0644e-01 4.4507e-02 2.6762e-01 4.2707e-02
1.5849e+00 1.5849e+00 3.6000e+01 1.7599e-01 1.1388e-01 3.1021e-01 6.1344e-02 1.4621e-01 6.9826e-02 3.1025e-01 4.5791e-02 2.8342e-01 3.9484e-02
1.5849e+00 1.5849e+00 3.6000e+01 2.0363e-01 1.3556e-01 3.0532e-01 1.0453e-01 1.6262e-01 7.0235e-02 3.0380e-01 5.8022e-02 2.9529e-01 4.4388e-02
1.5849e+00 1.5849e+00 3.6000e+01 1.8022e-01 6.8001e-02 3.0626e-01 3.6471e-03 1.6662e-01 6.8215e-02 2.5826e-01 4.3529e-02 2.9964e-01 2.7134e-02
1.5849e+00 1.5849e+00 3.6000e+01 2.4280e-01 1.6369e-01 3.4515e-01 1.5221e-01 1.6867e-01 8.1444e-02 3.0884e-01 5.4498e-02 2.7564e-01 2.7373e-02
1.5849e+00 1.5849e+00 3.6000e+01 1.6083e-01 8.7679e-02 3.0665e-01 5.0488e-02 1.4370e-01 6.6291e-02 3.0667e-01 4.7900e-02 2.8639e-01 3.3515e-02
1.5849e+00 1.5849e+00 3.6000e+01 1.8373e-01 1.0882e-01 3.0520e-01 9.3085e-02 1.3559e-01 6.4864e-02 2.5493e-01 1.7066e-02 2.6510e-01 3.3383e-02
1.5849e+00 1.5849e+00 3.6000e+01 2.1072e-01 9.6170e-02 3.0201e-01 8.2480e-02 1.5281e-01 5.9759e-02 3.0173e-01 3.2634e-03 2.8399e-01 2.4405e-02
1.5849e+00 1.5849e+00 3.6000e+01 2.1283e-01 9.3264e-02 3.0281e-01 5.9711e-02 1.6743e-01 7.1561e-02 2.5299e-01 5.9919e-02 3.0323e-01 2.6666e-02
1.5849e+00 1.5849e+00 3.6000e+01 1.8611e-01 1.0359e-01 3.0574e-01 9.0051e-02 1.5209e-01 7.7924e-02 2.5613e-01 5.5909e-02 2.9864e-01 3.2291e-02
1.7783e+00 1.7783e+00 3.5000e+01 2.4668e-01 1.9411e-01 3.5633e-01 1.8289e-01 1.5181e-01 7.8936e-02 3.0448e-01 4.9191e-02 2.7083e-01 3.0068e-02
1.7783e+00 1.7783e+00 3.5000e+01 2.1484e-01 9.6648e-02 3.0403e-01 6.4123e-02 1.7417e-01 7.2126e-02 3.0342e-01 4.8763e-02 3.1008e-01 3.1052e-02
1.7783e+00 1.7783e+00 3.5000e+01 1.9331e-01 1.0821e-01 3.0566e-01 6.4520e-02 1.4870e-01 6.5472e-02 2.7260e-01 4.7900e-02 2.8363e-01 2.8615e-02
1.7783e+00 1.7783e+00 3.5000e+01 2.0326e-01 1.0950e-01 3.0252e-01 5.2572e-02 1.7453e-01 7.8417e-02 3.0233e-01 4.5579e-02 3.1840e-01 3.3370e-02
1.7783e+00 1.7783e+00 3.5000e+01 2.2260e-01 1.4859e-01 3.0265e-01 1.2682e-01 1.5546e-01 6.6522e-02 3.0200e-01 4.7270e-02 2.9287e-01 2.7526e-02
1.7783e+00 1.7783e+00 3.5000e+01 1.9921e-01 1.0610e-01 3.0615e-01 8.0096e-02 1.7334e-01 8.4093e-02 3.0542e-01 6.6511e-02 2.8765e-01 2.4620e-02
1.7783e+00 1.7783e+00 3.5000e+01 2.0410e-01 1.0768e-01 3.0426e-01 8.0094e-02 1.6824e-01 6.9582e-02 3.0428e-01 4.0002e-02 3.1571e-01 3.1212e-02
1.7783e+00 1.7783e+00 3.5000e+01 1.8743e-01 1.1502e-01 3.0696e-01 8.1006e-02 1.6322e-01 9.0713e-02 3.0698e-01 7.3524e-02 2.8850e-01 3.2864e-02
1.7783e+00 1.7783e+00 3.5000e+01 1.7180e-01 6.8102e-02 3.0551e-01 3.6996e-02 1.6538e-01 7.8110e-02 3.0538e-01 7.0648e-02 2.8276e-01 3.2934e-02
1.7783e+00 1.7783e+00 3.5000e+01 1.9353e-01 1.1279e-01 3.0369e-01 7.7520e-02 1.5528e-01 6.1701e-02 2.5389e-01 4.4331e-02 2.9116e-01 3.2754e-02
1.9953e+00 1.9953e+00 3.4000e+01 2.0892e-01 1.1613e-01 3.0511e-01 8.6159e-02 1.5875e-01 6.7019e-02 2.6025e-01 3.2480e-02 2.8439e-01 2.6566e-02
1.9953e+00 1.9953e+00 3.4000e+01 1.7296e-01 8.2053e-02 3.0718e-01 1.0794e-02 1.6570e-01 6.9087e-02 2.7421e-01 2.8134e-03 3.0693e-01 2.9871e-02
1.9953e+00 1.9953e+00 3.4000e+01 1.6890e-01 7.4644e-02 3.0388e-01 1.6329e-02 1.5402e-01 8.0956e-02 3.0400e-01 4.6371e-02 2.8017e-01 2.9819e-02
1.9953e+00 1.9953e+00 3.4000e+01 1.9698e-01 1.0134e-01 3.0687e-01 4.7082e-04 1.9148e-01 7.4879e-02 3.0675e-01 2.4633e-03 3.1071e-01 3.6610e-02
1.9953e+00 1.9953e+00 3.4000e+01 2.1713e-01 9.6938e-02 3.0278e-01 6.5189e-02 1.8494e-01 6.0836e-02 3.0240e-01 3.2087e-02 3.0706e-01 3.2632e-02
1.9953e+00 1.9953e+00 3.4000e+01 1.8921e-01 9.5350e-02 3.0515e-01 1.2345e-02 1.7306e-01 7.6673e-02 3.0509e-01 7.7025e-02 3.0842e-01 2.8573e-02
1.9953e+00 1.9953e+00 3.4000e+01 1.9958e-01 1.2379e-01 2.8933e-01 1.0630e-01 1.7558e-01 6.7292e-02 2.7563e-01 6.4154e-02 2.9887e-01 3.5754e-02
1.9953e+00 1.9953e+00 3.4000e+01 1.7690e-01 6.4433e-02 3.0434e-01 2.8569e-02 1.6882e-01 7.7214e-02 3.0422e-01 8.7267e-02 2.9478e-01 2.9146e-02
1.9953e+00 1.9953e+00 3.4000e+01 1.9577e-01 9.3736e-02 3.0850e-01 4.1722e-02 1.6782e-01 7.1026e-02 3.0807e-01 4.8278e-02 2.7897e-01 3.2473e-02
1.9953e+00 1.9953e+00 3.4000e+01 2.1816e-01 9.7878e-02 3.0766e-01 9.0322e-03 1.7695e-01 7.8902e-02 2.5733e-01 4.9427e-02 3.0043e-01 2.4088e-02
2.2387e+00 2.2387e+00 3.3000e+01 2.1133e-01 1.1237e-01 3.0662e-01 7.2086e-02 1.7393e-01 7.3344e-02 2.7674e-01 6.4748e-03 2.9486e-01 2.3284e-02
2.2387e+00 2.2387e+00 3.3000e+01 2.2463e-01 1.0356e-01 3.0341e-01 5.7001e-02 1.9116e-01 8.0059e-02 3.0317e-01 5.8538e-02 3.0947e-01 3.0490e-02
2.2387e+00 2.2387e+00 3.3000e+01 1.9230e-01 6.4077e-02 3.0536e-01 1.1357e-02 1.7826e-01 8.3407e-02 3.0538e-01 5.3207e-02 3.1206e-01 2.8881e-02
2.2387e+00 2.2387e+00 3.3000e+01 3.6161e-01 2.8841e-01 4.2754e-01 2.7014e-01 1.7775e-01 8.1027e-02 3.0589e-01 5.8876e-02 2.8780e-01 3.2459e-02
2.2387e+00 2.2387e+00 3.3000e+01 2.0463e-01 7.6624e-02 3.0673e-01 4.2355e-02 1.9507e-01 8.9818e-02 3.0632e-01 6.8819e-02 3.1747e-01 3.1626e-02
2.2387e+00 2.2387e+00 3.3000e+01 2.1614e-01 1.2733e-01 3.0974e-01 8.8807e-02 1.7414e-01 6.9613e-02 3.0751e-01 4.6708e-02 3.0737e-01 3.6172e-02
2.2387e+00 2.2387e+00 3.3000e+01 2.2306e-01 1.1249e-01 3.0356e-01 6.0589e-03 1.9237e-01 8.6631e-02 3.0349e-01 6.2588e-02 3.0432e-01 3.8065e-02
2.2387e+00 2.2387e+00 3.3000e+01 2.1769e-01 9.0554e-02 3.0194e-01 5.0371e-02 1.8338e-01 6.6025e-02 3.0175e-01 3.9752e-02 3.2423e-01 3.0562e-02
2.2387e+00 2.2387e+00 3.3000e+01 2.1430e-01 8.1999e-02 2.8734e-01 3.8043e-02 1.8475e-01 8.8473e-02 2.5992e-01 6.3708e-02 3.0150e-01 3.5639e-02
2.2387e+00 2.2387e+00 3.3000e+01 2.5858e-01 1.7782e-01 3.0183e-01 1.2849e-01 1.8479e-01 9.3251e-02 3.0132e-01 5.6326e-02 3.1079e-01 3.0906e-02
2.5119e+00 2.5119e+00 3.2000e+01 2.9165e-01 1.8159e-01 3.3353e-01 1.3683e-01 2.2975e-01 1.0389e-01 2.7316e-01 9.8484e-02 3.1829e-01 3.4195e-02
2.5119e+00 2.5119e+00 3.2000e+01 3.5220e-01 2.6987e-01 3.9992e-01 2.5160e-01 2.1929e-01 7.5872e-02 2.8075e-01 5.4697e-02 3.0526e-01 3.1574e-02
2.5119e+00 2.5119e+00 3.2000e+01 2.1746e-01 1.3228e-01 3.1031e-01 1.3665e-01 1.8866e-01 8.2213e-02 2.5771e-01 8.1093e-02 2.8529e-01 4.4851e-02
2.5119e+00 2.5119e+00 3.2000e+01 2.9356e-01 1.6890e-01 3.4965e-01 1.5437e-01 2.1153e-01 8.5150e-02 3.0275e-01 6.9889e-02 3.1332e-01 3.3821e-02
2.5119e+00 2.5119e+00 3.2000e+01 2.3041e-01 1.2411e-01 3.2526e-01 7.9068e-02 1.8816e-01 9.5639e-02 2.8270e-01 1.7540e-02 2.8272e-01 3.2483e-02
2.5119e+00 2.5119e+00 3.2000e+01 2.6736e-01 1.8285e-01 3.0073e-01 1.6582e-01 1.9512e-01 9.2947e-02 2.5803e-01 6.1587e-02 3.1245e-01 3.1598e-02
2.5119e+00 2.5119e+00 3.2000e+01 2.0866e-01 7.4629e-02 3.0607e-01 1.0740e-02 1.9053e-01 7.6734e-02 3.0602e-01 5.6501e-02 3.0157e-01 2.8479e-02
2.5119e+00 2.5119e+00 3.2000e+01 2.0252e-01 1.1371e-01 3.0584e-01 6.3087e-02 1.9428e-01 9.1918e-02 3.0571e-01 7.2751e-02 2.9969e-01 3.9869e-02
2.5119e+00 2.5119e+00 3.2000e+01 3.1693e-01 2.3302e-01 3.8476e-01 2.0835e-01 1.8731e-01 8.5206e-02 2.5366e-01 6.6730e-02 2.9959e-01 3.8756e-02
2.5119e+00 2.5119e+00 3.2000e+01 2.1275e-01 1.0514e-01 3.0478e-01 6.8821e-02 1.8520e-01 8.3654e-02 3.0467e-01 7.2972e-02 2.9257e-01 2.5184e-02
2.8184e+00 2.8184e+00 3.1000e+01 2.4834e-01 9.3940e-02 2.7812e-01 5.8298e-02 2.2110e-01 8.3958e-02 2.7587e-01 5.6464e-02 3.1758e-01 4.0229e-02
2.8184e+00 2.8184e+00 3.1000e+01 2.6114e-01 1.9781e-01 3.3490e-01 1.6965e-01 1.9609e-01 7.9851e-02 3.0004e-01 6.7342e-02 2.9050e-01 3.6973e-02
2.8184e+00 2.8184e+00 3.1000e+01 2.2403e-01 9.7166e-02 3.0560e-01 1.6627e-02 2.1428e-01 9.8849e-02 3.0581e-01 6.8191e-02 3.2658e-01 2.5474e-02
2.8184e+00 2.8184e+00 3.1000e+01 2.2271e-01 8.9747e-02 3.0515e-01 4.7542e-02 2.0461e-01 6.8107e-02 3.0534e-01 3.9629e-02 3.1578e-01 3.7783e-02
2.8184e+00 2.8184e+00 3.1000e+01 2.3417e-01 1.0735e-01 2.5324e-01 1.6911e-02 2.1757e-01 9.7324e-02 3.0188e-01 6.6897e-02 3.0764e-01 2.6231e-02
2.8184e+00 2.8184e+00 3.1000e+01 2.7603e-01 1.7752e-01 3.4146e-01 1.4942e-01 2.1631e-01 8.0671e-02 3.0338e-01 7.1363e-02 3.0717e-01 4.1796e-02
2.8184e+00 2.8184e+00 3.1000e+01 3.6630e-01 2.6021e-01 4.1875e-01 2.2647e-01 2.0900e-01 9.1329e-02 2.9007e-01 6.3888e-02 3.1467e-01 3.3915e-02
2.8184e+00 2.8184e+00 3.1000e+01 3.2406e-01 2.3801e-01 3.7988e-01 2.2278e-01 2.1082e-01 8.4460e-02 3.0593e-01 7.9734e-02 3.0726e-01 3.5067e-02
2.8184e+00 2.8184e+00 3.1000e+01 3.1373e-01 1.8320e-01 3.5765e-01 1.3070e-01 2.1692e-01 8.7333e-02 3.0654e-01 6.1837e-02 3.2624e-01 4.0928e-02
2.8184e+00 2.8184e+00 3.1000e+01 2.4074e-01 1.3614e-01 3.0109e-01 8.7932e-02 2.1396e-01 8.5223e-02 3.0101e-01 5.1565e-02 3.1422e-01 3.0614e-02
3.1623e+00 3.1623e+00 3.0000e+01 2.5379e-01 1.1841e-01 2.7798e-01 5.8989e-02 2.1185e-01 1.0872e-01 2.6136e-01 7.0505e-02 3.0135e-01 3.4425e-02
3.1623e+00 3.1623e+00 3.0000e+01 3.8629e-01 3.2032e-01 4.2070e-01 3.1361e-01 2.2936e-01 1.0926e-01 2.5708e-01 9.2688e-02 3.0941e-01 4.4952e-02
3.1623e+00 3.1623e+00 3.0000e+01 2.5160e-01 1.5276e-01 2.7770e-01 1.3063e-01 2.0632e-01 8.7110e-02 3.0013e-01 7.1368e-02 3.1779e-01 2.7839e-02
3.1623e+00 3.1623e+00 3.0000e+01 2.3479e-01 1.3743e-01 3.0721e-01 7.6293e-02 2.1763e-01 9.4028e-02 3.0700e-01 6.6757e-02 2.9907e-01 3.9969e-02
3.1623e+00 3.1623e+00 3.0000e+01 2.6032e-01 1.3993e-01 3.0432e-01 1.1825e-01 2.2339e-01 7.5911e-02 2.7673e-01 5.4856e-02 3.3390e-01 3.2688e-02
3.1623e+00 3.1623e+00 3.0000e+01 2.6230e-01 1.6677e-01 3.0529e-01 9.2896e-02 2.2366e-01 1.0388e-01 3.0453e-01 9.1247e-02 3.1825e-01 3.8017e-02
3.1623e+00 3.1623e+00 3.0000e+01 2.2586e-01 1.0501e-01 3.0037e-01 6.3562e-02 1.9986e-01 7.9923e-02 3.0036e-01 5.6690e-02 3.0614e-01 3.3329e-02
3.1623e+00 3.1623e+00 3.0000e+01 3.2877e-01 2.1706e-01 3.5744e-01 1.9512e-01 2.3056e-01 9.9393e-02 2.8084e-01 7.6091e-02 3.2982e-01 3.2322e-02
3.1623e+00 3.1623e+00 3.0000e+01 3.8688e-01 2.9370e-01 4.5322e-01 2.7597e-01 1.8934e-01 8.6003e-02 3.0583e-01 7.3956e-02 3.1361e-01 3.5151e-02
3.1623e+00 3.1623e+00 3.0000e+01 2.2426e-01 1.2039e-01 3.0525e-01 8.0897e-02 2.0136e-01 9.1082e-02 3.0518e-01 7.7172e-02 3.0063e-01 2.5694e-02
3.5481e+00 3.5481e+00 2.9000e+01 2.8028e-01 1.9286e-01 3.0396e-01 1.3604e-01 2.3002e-01 1.1173e-01 2.5901e-01 1.6717e-02 3.2548e-01 2.1189e-02
3.5481e+00 3.5481e+00 2.9000e+01 3.0037e-01 2.1148e-01 3.3872e-01 1.5326e-01 2.4446e-01 9.3205e-02 2.9861e-01 8.7294e-02 3.3066e-01 3.5300e-02
3.5481e+00 3.5481e+00 2.9000e+01 2.7403e-01 1.3534e-01 3.4054e-01 8.3916e-02 2.4461e-01 9.8885e-02 2.5358e-01 7.5982e-02 3.3911e-01 2.2664e-02
3.5481e+00 3.5481e+00 2.9000e+01 3.2419e-01 2.2347e-01 3.7458e-01 1.9375e-01 2.1358e-01 8.8349e-02 2.5746e-01 7.5641e-02 3.0609e-01 3.1484e-02
3.5481e+00 3.5481e+00 2.9000e+01 3.0740e-01 1.0890e-01 3.0416e-01 2.5783e-02 2.5666e-01 1.1160e-01 3.0378e-01 9.4242e-02 3.2475e-01 2.8530e-02
3.5481e+00 3.5481e+00 2.9000e+01 2.7746e-01 1.2597e-01 3.0133e-01 2.6768e-02 2.2926e-01 1.0801e-01 2.5276e-01 9.6288e-02 3.2432e-01 3.1997e-02
3.5481e+00 3.5481e+00 2.9000e+01 2.3206e-01 1.1839e-01 3.0389e-01 1.1624e-02 2.2061e-01 1.0009e-01 2.5488e-01 7.0283e-02 3.1592e-01 3.2265e-02
3.5481e+00 3.5481e+00 2.9000e+01 4.1620e-01 3.1319e-01 4.4933e-01 2.8413e-01 2.4162e-01 8.9681e-02 3.0083e-01 5.3794e-02 3.4356e-01 3.4454e-02
3.5481e+00 3.5481e+00 2.9000e+01 2.7555e-01 1.7875e-01 2.9392e-01 1.1755e-01 2.2989e-01 1.1874e-01 2.5750e-01 6.6722e-02 3.3081e-01 3.1828e-02
3.5481e+00 3.5481e+00 2.9000e+01 2.7611e-01 1.8484e-01 3.0560e-01 1.0884e-01 2.4447e-01 1.4266e-01 3.0577e-01 3.8724e-02 3.2277e-01 2.4969e-02
3.9811e+00 3.9811e+00 2.8000e+01 4.1818e-01 3.1212e-01 4.3174e-01 2.8343e-01 2.7754e-01 1.0693e-01 2.9140e-01 9.4959e-02 3.4451e-01 3.9654e-02
3.9811e+00 3.9811e+00 2.8000e+01 2.6229e-01 1.2093e-01 3.0890e-01 1.0811e-03 2.3571e-01 1.0320e-01 3.0780e-01 7.9720e-02 3.2820e-01 3.1770e-02
3.9811e+00 3.9811e+00 2.8000e+01 2.8367e-01 1.2511e-01 3.1784e-01 9.1615e-02 2.4170e-01 9.2412e-02 2.5894e-01 8.3100e-02 3.3354e-01 3.4533e-02
3.9811e+00 3.9811e+00 2.8000e+01 2.8901e-01 1.3401e-01 3.0634e-01 5.6294e-03 2.4759e-01 9.7901e-02 3.0624e-01 6.8036e-02 3.1419e-01 3.0014e-02
3.9811e+00 3.9811e+00 2.8000e+01 3.0902e-01 2.2252e-01 3.4094e-01 1.8887e-01 2.1220e-01 1.0850e-01 2.5368e-01 6.3613e-02 3.4810e-01 2.9357e-02
3.9811e+00 3.9811e+00 2.8000e+01 3.4686e-01 2.7194e-01 3.8522e-01 2.1180e-01 2.4821e-01 1.2302e-01 2.7313e-01 8.0188e-02 3.3368e-01 3.3808e-02
3.9811e+00 3.9811e+00 2.8000e+01 3.2463e-01 1.7066e-01 3.5921e-01 1.1670e-01 2.4743e-01 1.1033e-01 3.0847e-01 8.1293e-02 3.2381e-01 3.4388e-02
3.9811e+00 3.9811e+00 2.8000e+01 2.3825e-01 9.4093e-02 3.0243e-01 1.6587e-02 2.1724e-01 8.7003e-02 3.0248e-01 6.7443e-02 3.0705e-01 3.1497e-02
3.9811e+00 3.9811e+00 2.8000e+01 2.5132e-01 1.2736e-01 3.0688e-01 7.4999e-02 2.3715e-01 9.6756e-02 2.6625e-01 6.5855e-02 3.2251e-01 3.0916e-02
3.9811e+00 3.9811e+00 2.8000e+01 3.8488e-01 3.0038e-01 4.1307e-01 2.7946e-01 2.4533e-01 9.7333e-02 3.0777e-01 9.4365e-02 3.1470e-01 2.7441e-02
4.4668e+00 4.4668e+00 2.7000e+01 3.1081e-01 1.6389e-01 3.3124e-01 1.3025e-01 2.6931e-01 1.0040e-01 3.0742e-01 7.2641e-02 3.3413e-01 3.2717e-02
4.4668e+00 4.4668e+00 2.7000e+01 3.2646e-01 2.0159e-01 3.4573e-01 1.8008e-01 2.6084e-01 1.0333e-01 3.0251e-01 8.1009e-02 3.3076e-01 3.0340e-02
4.4668e+00 4.4668e+00 2.7000e+01 2.9370e-01 1.7536e-01 3.0383e-01 1.0295e-01 2.6878e-01 1.1959e-01 3.0326e-01 1.1086e-01 3.4282e-01 3.5312e-02
4.4668e+00 4.4668e+00 2.7000e+01 2.8776e-01 1.5818e-01 3.0400e-01 9.3316e-02 2.5574e-01 1.0367e-01 3.0443e-01 8.6360e-02 3.3388e-01 4.1099e-02
4.4668e+00 4.4668e+00 2.7000e+01 2.5441e-01 1.6390e-01 3.1220e-01 4.2155e-02 2.3592e-01 1.1793e-01 2.7580e-01 3.3859e-02 3.1747e-01 2.4899e-02
4.4668e+00 4.4668e+00 2.7000e+01 2.8422e-01 1.4042e-01 3.0645e-01 9.9018e-02 2.7196e-01 1.0366e-01 3.0722e-01 5.3836e-02 3.5763e-01 2.8113e-02
4.4668e+00 4.4668e+00 2.7000e+01 4.8363e-01 3.7365e-01 4.6669e-01 3.1446e-01 2.8765e-01 1.6298e-01 2.9725e-01 1.0764e-01 3.3532e-01 4.5159e-02
4.4668e+00 4.4668e+00 2.7000e+01 2.7554e-01 1.5558e-01 2.7371e-01 1.0358e-01 2.5369e-01 1.0205e-01 2.7248e-01 6.6736e-02 3.3188e-01 3.2244e-02
4.4668e+00 4.4668e+00 2.7000e+01 2.7486e-01 1.4991e-01 3.0319e-01 7.3447e-02 2.5510e-01 8.0280e-02 2.5412e-01 9.3186e-03 3.3458e-01 3.6369e-02
4.4668e+00 4.4668e+00 2.7000e+01 4.6084e-01 1.8255e-01 3.9398e-01 3.6778e-02 4.2359e-01 1.3272e-01 3.9207e-01 3.5735e-02 3.2044e-01 1.9181e-02
5.0119e+00 5.0119e+00 2.6000e+01 2.9004e-01 1.3127e-01 2.6203e-01 1.6942e-02 2.7858e-01 9.8393e-02 3.0739e-01 9.3123e-03 3.5532e-01 2.9879e-02
5.0119e+00 5.0119e+00 2.6000e+01 4.9311e-01 3.4230e-01 5.2608e-01 3.1972e-01 2.7612e-01 1.0956e-01 3.1680e-01 8.4784e-02 3.4905e-01 2.6944e-02
5.0119e+00 5.0119e+00 2.6000e+01 2.8620e-01 1.3889e-01 3.0421e-01 6.3559e-02 2.7370e-01 9.6479e-02 2.6169e-01 9.1961e-02 3.6218e-01 3.1998e-02
5.0119e+00 5.0119e+00 2.6000e+01 3.3550e-01 2.5652e-01 3.6013e-01 2.3083e-01 2.4480e-01 1.0692e-01 2.9237e-01 1.0081e-01 3.4867e-01 2.7358e-02
5.0119e+00 5.0119e+00 2.6000e+01 2.7154e-01 1.1695e-01 3.0375e-01 1.0258e-02 2.5122e-01 9.9502e-02 3.0229e-01 1.7429e-03 3.1973e-01 3.3288e-02
5.0119e+00 5.0119e+00 2.6000e+01 2.7197e-01 1.5134e-01 3.0108e-01 8.8766e-02 2.5448e-01 1.0009e-01 2.5616e-01 1.0238e-01 3.3158e-01 3.2356e-02
5.0119e+00 5.0119e+00 2.6000e+01 4.7383e-01 4.1538e-01 5.1127e-01 3.7700e-01 2.6436e-01 1.0322e-01 2.7668e-01 5.9331e-02 3.2141e-01 3.2579e-02
5.0119e+00 5.0119e+00 2.6000e+01 2.8960e-01 1.5842e-01 2.8276e-01 1.0821e-01 2.6849e-01 1.1943e-01 3.0480e-01 9.0309e-02 3.4365e-01 3.4587e-02
5.0119e+00 5.0119e+00 2.6000e+01 3.4333e-01 2.2560e-01 3.5361e-01 1.7771e-01 2.7481e-01 1.1894e-01 2.9533e-01 6.3017e-02 3.4381e-01 3.0427e-02
5.0119e+00 5.0119e+00 2.6000e+01 3.9474e-01 2.9415e-01 3.9314e-01 2.6252e-01 2.8182e-01 1.1539e-01 2.7857e-01 7.5844e-02 3.3610e-01 3.6203e-02
5.6234e+00 5.6234e+00 2.5000e+01 3.0630e-01 1.3848e-01 3.0818e-01 8.3869e-02 2.9462e-01 1.1655e-01 3.0864e-01 1.0593e-01 3.5836e-01 3.0517e-02
5.6234e+00 5.6234e+00 2.5000e+01 2.4842e-01 1.4076e-01 3.0056e-01 2.6890e-02 2.3283e-01 1.1868e-01 3.0142e-01 8.0276e-02 3.1665e-01 3.3270e-02
5.6234e+00 5.6234e+00 2.5000e+01 3.9058e-01 2.6949e-01 3.8136e-01 2.2249e-01 2.8931e-01 1.1123e-01 3.0192e-01 9.2829e-02 3.6230e-01 3.3959e-02
5.6234e+00 5.6234e+00 2.5000e+01 3.1606e-01 1.7910e-01 3.3595e-01 6.5553e-02 2.9516e-01 1.4606e-01 3.0948e-01 4.0561e-02 3.6837e-01 2.7000e-02
5.6234e+00 5.6234e+00 2.5000e+01 3.1506e-01 2.0678e-01 3.3714e-01 1.4957e-01 2.6437e-01 9.8581e-02 2.9984e-01 9.1694e-02 3.1516e-01 2.8748e-02
5.6234e+00 5.6234e+00 2.5000e+01 5.0030e-01 3.8953e-01 4.9846e-01 3.6011e-01 2.8613e-01 1.0398e-01 3.0010e-01 6.8748e-02 3.3512e-01 4.2474e-02
5.6234e+00 5.6234e+00 2.5000e+01 5.5813e-01 5.2508e-01 5.5828e-01 4.9815e-01 2.8813e-01 1.4761e-01 2.5519e-01 1.0911e-02 3.6266e-01 3.6771e-02
5.6234e+00 5.6234e+00 2.5000e+01 3.4387e-01 2.6319e-01 3.5343e-01 2.0448e-01 2.5155e-01 1.2455e-01 3.0040e-01 1.0288e-01 3.1475e-01 4.4610e-02
5.6234e+00 5.6234e+00 2.5000e+01 3.5408e-01 1.4720e-01 3.0291e-01 2.1740e-03 3.0563e-01 1.2165e-01 2.7948e-01 9.9568e-02 3.4464e-01 3.7415e-02
5.6234e+00 5.6234e+00 2.5000e+01 2.8408e-01 1.6167e-01 3.0494e-01 6.0802e-02 2.6661e-01 1.1561e-01 3.0632e-01 1.3044e-02 3.3001e-01 3.0728e-02
6.3096e+00 6.3096e+00 2.4000e+01 3.2782e-01 2.0158e-01 3.0691e-01 1.2170e-01 2.7944e-01 1.1064e-01 3.0422e-01 2.4821e-02 3.3718e-01 2.3575e-02
6.3096e+00 6.3096e+00 2.4000e+01 3.7113e-01 2.1313e-01 3.7369e-01 1.5792e-01 2.9754e-01 9.5982e-02 3.0764e-01 7.5525e-02 3.6052e-01 3.2406e-02
6.3096e+00 6.3096e+00 2.4000e+01 3.1909e-01 2.1874e-01 3.0355e-01 1.3956e-01 2.8373e-01 1.5330e-01 3.0283e-01 1.2284e-01 3.3930e-01 4.3116e-02
6.3096e+00 6.3096e+00 2.4000e+01 4.5417e-01 3.2599e-01 4.5638e-01 2.8281e-01 3.0914e-01 1.1175e-01 3.0036e-01 8.6465e-02 3.5446e-01 4.0078e-02
6.3096e+00 6.3096e+00 2.4000e+01 3.8602e-01 3.1829e-01 3.7587e-01 2.1223e-01 2.9970e-01 1.4367e-01 2.6686e-01 1.5085e-02 3.5706e-01 2.6179e-02
6.3096e+00 6.3096e+00 2.4000e+01 3.1807e-01 1.7312e-01 3.1076e-01 1.1876e-01 2.9772e-01 1.2661e-01 2.7018e-01 9.5917e-02 3.5689e-01 3.7257e-02
6.3096e+00 6.3096e+00 2.4000e+01 4.0714e-01 2.7772e-01 3.0433e-01 1.3891e-01 3.3964e-01 1.4434e-01 3.0421e-01 1.1636e-01 3.6734e-01 4.4218e-02
6.3096e+00 6.3096e+00 2.4000e+01 3.1255e-01 1.7892e-01 3.1287e-01 8.1056e-02 2.9507e-01 1.1052e-01 3.0300e-01 6.8132e-02 3.4925e-01 2.4902e-02
6.3096e+00 6.3096e+00 2.4000e+01 3.9856e-01 2.8372e-01 3.9387e-01 2.3032e-01 2.8807e-01 1.2186e-01 3.0710e-01 1.8132e-02 3.8391e-01 2.1926e-02
6.3096e+00 6.3096e+00 2.4000e+01 3.1305e-01 1.7903e-01 2.8528e-01 1.1976e-01 2.8718e-01 1.0408e-01 3.0361e-01 8.9793e-02 3.2191e-01 3.7173e-02
7.0795e+00 7.0795e+00 2.3000e+01 3.2240e-01 1.7901e-01 3.3622e-01 4.5397e-03 2.9063e-01 1.6099e-01 2.8956e-01 3.3377e-03 3.3887e-01 2.7976e-02
7.0795e+00 7.0795e+00 2.3000e+01 3.9774e-01 2.8807e-01 3.4260e-01 2.4219e-01 3.3487e-01 1.5130e-01 3.0428e-01 9.5041e-02 3.8188e-01 2.7579e-02
7.0795e+00 7.0795e+00 2.3000e+01 3.6929e-01 2.0973e-01 3.3256e-01 1.1480e-01 3.0883e-01 1.4318e-01 3.3268e-01 8.1706e-02 3.5609e-01 2.6165e-02
7.0795e+00 7.0795e+00 2.3000e+01 3.1700e-01 1.3493e-01 2.7727e-01 1.2358e-02 2.9438e-01 1.1023e-01 3.0499e-01 1.3218e-02 3.3538e-01 3.2678e-02
7.0795e+00 7.0795e+00 2.3000e+01 3.7527e-01 2.0427e-01 3.4799e-01 1.2346e-01 3.0997e-01 1.4934e-01 3.0411e-01 1.0840e-01 3.4036e-01 3.4002e-02
7.0795e+00 7.0795e+00 2.3000e+01 3.2071e-01 1.8966e-01 3.1271e-01 1.0686e-01 2.9017e-01 1.3176e-01 3.0640e-01 7.1866e-02 3.3143e-01 2.4331e-02
7.0795e+00 7.0795e+00 2.3000e+01 3.4081e-01 2.0666e-01 3.0125e-01 1.2531e-01 2.9292e-01 1.3509e-01 2.5401e-01 9.2776e-02 3.4576e-01 2.1520e-02
7.0795e+00 7.0795e+00 2.3000e+01 3.5110e-01 1.7297e-01 3.0223e-01 1.0375e-01 3.2433e-01 1.3024e-01 3.0264e-01 1.7281e-02 3.6922e-01 3.5153e-02
7.0795e+00 7.0795e+00 2.3000e+01 5.9179e-01 4.7665e-01 5.7443e-01 4.2850e-01 3.1557e-01 1.6580e-01 3.0805e-01 1.0448e-01 3.4758e-01 3.8557e-02
7.0795e+00 7.0795e+00 2.3000e+01 3.0611e-01 1.6596e-01 3.2935e-01 6.0437e-02 2.8381e-01 1.2122e-01 2.9533e-01 9.3842e-02 3.3267e-01 2.4116e-02
7.9433e+00 7.9433e+00 2.2000e+01 6.5846e-01 5.7432e-01 6.4492e-01 4.9754e-01 3.2503e-01 1.7015e-01 2.9391e-01 1.0210e-01 3.8561e-01 5.0450e-02
7.9433e+00 7.9433e+00 2.2000e+01 3.4578e-01 1.9787e-01 3.2436e-01 1.3379e-02 3.1359e-01 1.4983e-01 3.0731e-01 4.3211e-03 3.5082e-01 4.0013e-02
7.9433e+00 7.9433e+00 2.2000e+01 4.2430e-01 2.8287e-01 4.1339e-01 2.0552e-01 3.2078e-01 1.7094e-01 3.1428e-01 1.8645e-02 3.4674e-01 3.2281e-02
7.9433e+00 7.9433e+00 2.2000e+01 4.5898e-01 4.2550e-01 4.3223e-01 3.4808e-01 3.0567e-01 1.4957e-01 3.0819e-01 1.1223e-01 3.4506e-01 4.1524e-02
7.9433e+00 7.9433e+00 2.2000e+01 3.8100e-01 2.0766e-01 3.4681e-01 1.0343e-01 3.5210e-01 1.4351e-01 3.1335e-01 2.4212e-02 4.1045e-01 2.8006e-02
7.9433e+00 7.9433e+00 2.2000e+01 5.9154e-01 5.3467e-01 5.4756e-01 4.6591e-01 3.5087e-01 2.0722e-01 3.0605e-01 8.3085e-02 3.8485e-01 4.7423e-02
7.9433e+00 7.9433e+00 2.2000e+01 3.2181e-01 2.1524e-01 3.2221e-01 1.1919e-02 2.9102e-01 1.2690e-01 3.0811e-01 9.5037e-02 3.5036e-01 3.0689e-02
7.9433e+00 7.9433e+00 2.2000e+01 5.9415e-01 5.2865e-01 5.6844e-01 4.6439e-01 3.2708e-01 1.8020e-01 2.7614e-01 9.3043e-03 3.6322e-01 5.0610e-02
7.9433e+00 7.9433e+00 2.2000e+01 3.2762e-01 1.8474e-01 3.0908e-01 1.2782e-02 3.1956e-01 1.6947e-01 3.0956e-01 9.6373e-03 3.6183e-01 3.6049e-02
7.9433e+00 7.9433e+00 2.2000e+01 3.2016e-01 1.8493e-01 2.8684e-01 1.0842e-01 3.1037e-01 1.2881e-01 3.0441e-01 8.9584e-02 3.6380e-01 2.5980e-02
8.9125e+00 8.9125e+00 2.1000e+01 5.3342e-01 4.0309e-01 4.6245e-01 3.1413e-01 3.7059e-01 1.8921e-01 3.1115e-01 1.1987e-01 3.7869e-01 4.4596e-02
8.9125e+00 8.9125e+00 2.1000e+01 4.1244e-01 2.9835e-01 3.6541e-01 2.3194e-01 3.3757e-01 1.1166e-01 3.0878e-01 9.6850e-02 3.6156e-01 3.7842e-02
8.9125e+00 8.9125e+00 2.1000e+01 5.4462e-01 4.7970e-01 5.3099e-01 4.5750e-01 3.1231e-01 1.4675e-01 2.7461e-01 1.1797e-01 3.6372e-01 4.0496e-02
8.9125e+00 8.9125e+00 2.1000e+01 5.7196e-01 4.7340e-01 5.5114e-01 4.3387e-01 3.1256e-01 1.3425e-01 3.0865e-01 1.0349e-01 3.5413e-01 4.7340e-02
8.9125e+00 8.9125e+00 2.1000e+01 4.1879e-01 2.6333e-01 3.3168e-01 6.4598e-02 3.9302e-01 2.0170e-01 3.4009e-01 5.8415e-02 3.7396e-01 1.9674e-02
8.9125e+00 8.9125e+00 2.1000e+01 3.8162e-01 1.7712e-01 3.1432e-01 2.2510e-02 3.4726e-01 1.2472e-01 3.1679e-01 8.9136e-02 3.5677e-01 3.7572e-02
8.9125e+00 8.9125e+00 2.1000e+01 6.4862e-01 2.9347e-01 5.7801e-01 1.9663e-01 5.9223e-01 1.6096e-01 5.4030e-01 5.0676e-02 3.7583e-01 1.7218e-02
8.9125e+00 8.9125e+00 2.1000e+01 3.4650e-01 1.8155e-01 3.5577e-01 5.8411e-02 3.2943e-01 1.3222e-01 2.6804e-01 8.4300e-02 3.6356e-01 2.3103e-02
8.9125e+00 8.9125e+00 2.1000e+01 4.3171e-01 2.2361e-01 3.5795e-01 1.4754e-01 3.7194e-01 1.1255e-01 3.4113e-01 7.0476e-02 4.1166e-01 4.4186e-02
8.9125e+00 8.9125e+00 2.1000e+01 4.6489e-01 2.8132e-01 4.4312e-01 2.1596e-01 3.1041e-01 1.5058e-01 3.1429e-01 2.8257e-02 3.4841e-01 2.5150e-02
1.0000e+01 1.0000e+01 2.0000e+01 4.0599e-01 2.9166e-01 3.6429e-01 2.0623e-01 3.3284e-01 1.6081e-01 2.7170e-01 1.1268e-01 3.7562e-01 4.3162e-02
1.0000e+01 1.0000e+01 2.0000e+01 4.9766e-01 4.5831e-01 4.5506e-01 2.8524e-01 3.3587e-01 2.2408e-01 2.8841e-01 7.3244e-02 3.7899e-01 5.5005e-02
1.0000e+01 1.0000e+01 2.0000e+01 5.3042e-01 4.0213e-01 4.9869e-01 3.2880e-01 3.4579e-01 1.8028e-01 2.9676e-01 9.3159e-02 3.9557e-01 3.4310e-02
1.0000e+01 1.0000e+01 2.0000e+01 6.2976e-01 4.4546e-01 5.9171e-01 4.0034e-01 3.8471e-01 1.0931e-01 3.2984e-01 6.6657e-02 3.9487e-01 3.3027e-02
1.0000e+01 1.0000e+01 2.0000e+01 1.1066e+00 2.6939e-01 1.0567e+00 2.3383e-02 1.0406e+00 1.8891e-01 9.8136e-01 2.8253e-02 3.9435e-01 2.2763e-02
1.0000e+01 1.0000e+01 2.0000e+01 5.4303e-01 4.0769e-01 5.1520e-01 3.5359e-01 3.4014e-01 1.5303e-01 2.8507e-01 6.3249e-02 3.7440e-01 3.2660e-02
1.0000e+01 1.0000e+01 2.0000e+01 3.6153e-01 2.0705e-01 3.6776e-01 1.7861e-02 3.0453e-01 1.4862e-01 3.1281e-01 8.4780e-02 3.4001e-01 2.3647e-02
1.0000e+01 1.0000e+01 2.0000e+01 8.8765e-01 8.5754e-01 8.7440e-01 8.0976e-01 3.0894e-01 1.5420e-01 3.0856e-01 1.1648e-01 3.6480e-01 2.3780e-02
1.0000e+01 1.0000e+01 2.0000e+01 8.6393e-01 6.3654e-01 7.9036e-01 5.9538e-01 4.6930e-01 1.4858e-01 4.3419e-01 1.6667e-01 4.4706e-01 2.8439e-02
1.0000e+01 1.0000e+01 2.0000e+01 3.9942e-01 2.2465e-01 3.4499e-01 3.0449e-02 3.5283e-01 1.7117e-01 3.3882e-01 1.1443e-01 3.7626e-01 4.1781e-02
1.1220e+01 1.1220e+01 1.9000e+01 4.0726e-01 2.3859e-01 3.5264e-01 1.6228e-01 3.6781e-01 1.3745e-01 3.3395e-01 2.6900e-02 3.9556e-01 2.1920e-02
1.1220e+01 1.1220e+01 1.9000e+01 4.1972e-01 3.1392e-01 3.7473e-01 2.1951e-01 3.7756e-01 1.3792e-01 3.3920e-01 2.6170e-02 4.0330e-01 2.0400e-02
1.1220e+01 1.1220e+01 1.9000e+01 3.8332e-01 3.6679e-01 3.1343e-01 4.9839e-02 3.2586e-01 1.9647e-01 3.1343e-01 3.1191e-02 3.4164e-01 5.7936e-02
1.1220e+01 1.1220e+01 1.9000e+01 1.6534e+00 2.5023e-01 1.5462e+00 2.7392e-02 1.6173e+00 1.4657e-01 1.5661e+00 1.5083e-02 3.5506e-01 2.0861e-02
1.1220e+01 1.1220e+01 1.9000e+01 4.3318e-01 2.7886e-01 3.5458e-01 1.9203e-01 3.9793e-01 1.8239e-01 3.3751e-01 1.4446e-01 4.1507e-01 3.6718e-02
1.1220e+01 1.1220e+01 1.9000e+01 5.4670e-01 4.9282e-01 5.0170e-01 4.1510e-01 3.7734e-01 1.6504e-01 3.3090e-01 1.6433e-02 3.6959e-01 4.4440e-02
1.1220e+01 1.1220e+01 1.9000e+01 6.7400e-01 6.7114e-01 6.4060e-01 5.9774e-01 3.5103e-01 1.9671e-01 2.9824e-01 8.8653e-02 3.6570e-01 2.6878e-02
1.1220e+01 1.1220e+01 1.9000e+01 1.1691e+00 6.4937e-01 1.1219e+00 5.5968e-01 8.8207e-01 1.6060e-01 8.5136e-01 6.0037e-02 4.4723e-01 2.1244e-02
1.1220e+01 1.1220e+01 1.9000e+01 4.7739e-01 4.2420e-01 4.2214e-01 3.7016e-01 3.9463e-01 2.3170e-01 3.6263e-01 7.0515e-02 3.6461e-01 1.7104e-02
1.1220e+01 1.1220e+01 1.9000e+01 4.8248e-01 3.9762e-01 3.8655e-01 2.6021e-01 3.9509e-01 1.9996e-01 3.3057e-01 8.9723e-02 3.7714e-01 5.1962e-02
1.2589e+01 1.2589e+01 1.8000e+01 4.0934e-01 3.2267e-01 3.2956e-01 3.1369e-02 3.7771e-01 2.3774e-01 3.2086e-01 5.3029e-02 3.7313e-01 4.8235e-02
1.2589e+01 1.2589e+01 1.8000e+01 8.7655e-01 5.1209e-01 7.9716e-01 3.7352e-01 7.0805e-01 2.0669e-01 6.5861e-01 2.5860e-03 4.8092e-01 4.5344e-02
1.2589e+01 1.2589e+01 1.8000e+01 4.1738e-01 2.7680e-01 3.5111e-01 4.5289e-02 3.8853e-01 2.0165e-01 3.3186e-01 1.6847e-02 3.8531e-01 4.1179e-02
1.2589e+01 1.2589e+01 1.8000e+01 5.9625e-01 5.9843e-01 5.3982e-01 4.9199e-01 3.4645e-01 2.1145e-01 3.4898e-01 3.6057e-02 3.5869e-01 4.9197e-02
1.2589e+01 1.2589e+01 1.8000e+01 4.3669e-01 2.4222e-01 3.8809e-01 5.8017e-03 3.8225e-01 1.8718e-01 3.3444e-01 2.9609e-02 3.9385e-01 3.7786e-02
1.2589e+01 1.2589e+01 1.8000e+01 4.7021e-01 3.4068e-01 3.8820e-01 9.6062e-02 4.0305e-01 2.3171e-01 3.2650e-01 7.6821e-02 3.9537e-01 5.0350e-02
1.2589e+01 1.2589e+01 1.8000e+01 5.5903e-01 4.3785e-01 5.1281e-01 3.7108e-01 3.7967e-01 1.2262e-01 3.3302e-01 8.1549e-02 4.1095e-01 5.2812e-02
1.2589e+01 1.2589e+01 1.8000e+01 4.7701e-01 3.3002e-01 3.8181e-01 2.5597e-01 3.8866e-01 1.3188e-01 3.2674e-01 1.0070e-01 3.9494e-01 3.8573e-02
1.2589e+01 1.2589e+01 1.8000e+01 3.9354e-01 2.5598e-01 3.2402e-01 2.2262e-02 3.6512e-01 1.9696e-01 3.2705e-01 4.0128e-02 3.8704e-01 3.4746e-02
1.2589e+01 1.2589e+01 1.8000e+01 4.8752e-01 3.9601e-01 4.2054e-01 3.5715e-01 3.5590e-01 1.4719e-01 3.1514e-01 4.2594e-02 3.9693e-01 3.1933e-02
1.4125e+01 1.4125e+01 1.7000e+01 2.5157e+00 5.0436e-01 2.1055e+00 3.6577e-01 1.8316e+00 2.4355e-01 1.8045e+00 5.0038e-03 5.2139e-01 3.9910e-02
1.4125e+01 1.4125e+01 1.7000e+01 3.9842e-01 2.8801e-01 3.4969e-01 9.1171e-02 3.4736e-01 2.4011e-01 3.2867e-01 6.5755e-02 3.6128e-01 5.3589e-02
1.4125e+01 1.4125e+01 1.7000e+01 6.1640e-01 6.1667e-01 5.6878e-01 4.3669e-01 3.9358e-01 2.8948e-01 3.3043e-01 1.5489e-01 3.8195e-01 6.3058e-02
1.4125e+01 1.4125e+01 1.7000e+01 4.5112e-01 3.8757e-01 3.7844e-01 2.4092e-01 3.5638e-01 2.5091e-01 3.4142e-01 4.3848e-02 3.6847e-01 2.8229e-02
1.4125e+01 1.4125e+01 1.7000e+01 6.3135e-01 5.4356e-01 5.4988e-01 4.6741e-01 3.8901e-01 2.2560e-01 3.3851e-01 5.5230e-02 4.0806e-01 5.2870e-02
1.4125e+01 1.4125e+01 1.7000e+01 5.1197e-01 3.8252e-01 4.6274e-01 2.3779e-01 4.1868e-01 1.9259e-01 3.6935e-01 1.3611e-01 4.4169e-01 2.5447e-02
1.4125e+01 1.4125e+01 1.7000e+01 7.7858e-01 7.2885e-01 7.1511e-01 5.9873e-01 4.2112e-01 3.4201e-01 3.2580e-01 1.6982e-01 4.2905e-01 6.2929e-02
1.4125e+01 1.4125e+01 1.7000e+01 4.3607e-01 3.0436e-01 3.3836e-01 4.3836e-02 3.6126e-01 1.6511e-01 3.1937e-01 2.1914e-03 3.8971e-01 4.5744e-02
1.4125e+01 1.4125e+01 1.7000e+01 6.0481e-01 5.5510e-01 5.2519e-01 3.9405e-01 3.6352e-01 2.7797e-01 3.5443e-01 1.6468e-01 3.7158e-01 6.6428e-02
1.4125e+01 1.4125e+01 1.7000e+01 5.5347e-01 5.2487e-01 5.2243e-01 4.7448e-01 3.5474e-01 1.7470e-01 3.4311e-01 1.1061e-01 3.8336e-01 2.3473e-02
1.5849e+01 1.5849e+01 1.6000e+01 4.2409e-01 3.4742e-01 3.6281e-01 1.9932e-01 3.7549e-01 2.3902e-01 3.1947e-01 1.1260e-01 3.7714e-01 5.9824e-02
1.5849e+01 1.5849e+01 1.6000e+01 4.6572e-01 4.8457e-01 4.2252e-01 2.3945e-01 3.5940e-01 2.4682e-01 3.3280e-01 3.4600e-02 3.8745e-01 7.1290e-02
1.5849e+01 1.5849e+01 1.6000e+01 6.6987e-01 6.6721e-01 6.1548e-01 5.0619e-01 3.9616e-01 4.1431e-01 3.5654e-01 6.2635e-02 3.8970e-01 8.1606e-02
1.5849e+01 1.5849e+01 1.6000e+01 4.2789e-01 3.0600e-01 3.5124e-01 2.9788e-02 4.0309e-01 2.0109e-01 3.5372e-01 4.4783e-03 4.2355e-01 4.3675e-02
1.5849e+01 1.5849e+01 1.6000e+01 9.1473e-01 7.8680e-01 8.8718e-01 7.1551e-01 4.5360e-01 2.1073e-01 4.0872e-01 1.4459e-01 4.2144e-01 4.8749e-02
1.5849e+01 1.5849e+01 1.6000e+01 4.0093e-01 3.3460e-01 3.2649e-01 2.8321e-03 3.8327e-01 2.3979e-01 3.4525e-01 4.5536e-02 4.0683e-01 3.3807e-02
1.5849e+01 1.5849e+01 1.6000e+01 9.5492e-01 7.6710e-01 8.9043e-01 6.6742e-01 4.9403e-01 2.2973e-01 3.7109e-01 7.5400e-02 4.3000e-01 4.8374e-02
1.5849e+01 1.5849e+01 1.6000e+01 5.8146e-01 3.9873e-01 5.2940e-01 3.4336e-01 3.8224e-01 1.8391e-01 3.6371e-01 5.8268e-02 3.8303e-01 2.7985e-02
1.5849e+01 1.5849e+01 1.6000e+01 4.5373e-01 2.4492e-01 4.0137e-01 2.5878e-02 3.7322e-01 1.7197e-01 4.0464e-01 2.0255e-02 3.7408e-01 3.0585e-02
1.5849e+01 1.5849e+01 1.6000e+01 5.8245e-01 4.2527e-01 4.9829e-01 1.6730e-02 4.1896e-01 2.4524e-01 3.1782e-01 1.4363e-01 4.2706e-01 7.0438e-02
1.7783e+01 1.7783e+01 1.5000e+01 2.6767e+00 9.0293e-01 2.5240e+00 7.4230e-01 1.9831e+00 3.5045e-01 1.9891e+00 5.7542e-02 5.6256e-01 7.6385e-02
1.7783e+01 1.7783e+01 1.5000e+01 6.8353e-01 5.8138e-01 6.3310e-01 4.5311e-01 4.0169e-01 2.4996e-01 3.6027e-01 2.0119e-02 4.4203e-01 4.9450e-02
1.7783e+01 1.7783e+01 1.5000e+01 5.9129e-01 5.8081e-01 5.5061e-01 4.8322e-01 3.9376e-01 2.2584e-01 3.3578e-01 3.1505e-02 3.8130e-01 3.0822e-02
1.7783e+01 1.7783e+01 1.5000e+01 4.7553e-01 3.8524e-01 4.4472e-01 2.0795e-01 4.1993e-01 2.1957e-01 3.5121e-01 8.4058e-02 4.3483e-01 7.5392e-02
1.7783e+01 1.7783e+01 1.5000e+01 1.1151e+00 6.0843e-01 1.0793e+00 4.6870e-01 4.1783e-01 3.5531e-01 4.0094e-01 4.7568e-02 4.1773e-01 6.6335e-02
1.7783e+01 1.7783e+01 1.5000e+01 5.8106e-01 5.5468e-01 5.7345e-01 4.3692e-01 4.1533e-01 1.3546e-01 3.8677e-01 5.6452e-03 3.9200e-01 4.4035e-02
1.7783e+01 1.7783e+01 1.5000e+01 5.3679e-01 5.2531e-01 4.4431e-01 2.5384e-01 4.7488e-01 3.4079e-01 3.9546e-01 5.8962e-03 4.4296e-01 5.7774e-02
1.7783e+01 1.7783e+01 1.5000e+01 6.3641e-01 6.3120e-01 5.8352e-01 4.5326e-01 3.7051e-01 2.4335e-01 3.3519e-01 2.8871e-02 3.7294e-01 5.6901e-02
1.7783e+01 1.7783e+01 1.5000e+01 5.3954e-01 5.4582e-01 4.4473e-01 3.4168e-01 3.9582e-01 2.5849e-01 3.4610e-01 5.5865e-02 3.9059e-01 5.7682e-02
1.7783e+01 1.7783e+01 1.5000e+01 4.9601e-01 4.5933e-01 3.9979e-01 3.2233e-01 3.7403e-01 2.3082e-01 3.1585e-01 1.1996e-02 3.8671e-01 5.2996e-02
1.9953e+01 1.9953e+01 1.4000e+01 7.4580e-01 5.9121e-01 6.4544e-01 4.6285e-01 4.0866e-01 2.4467e-01 3.6273e-01 2.3510e-02 4.2566e-01 4.2409e-02
1.9953e+01 1.9953e+01 1.4000e+01 1.4637e+00 4.1121e-01 1.4268e+00 1.7808e-01 1.3635e+00 2.3758e-01 1.3576e+00 1.0094e-02 4.2400e-01 2.2555e-02
1.9953e+01 1.9953e+01 1.4000e+01 4.0736e+00 3.6901e-01 4.0102e+00 4.3606e-02 3.9847e+00 2.9447e-01 3.9589e+00 3.7585e-02 4.6484e-01 7.6321e-03
1.9953e+01 1.9953e+01 1.4000e+01 4.7281e-01 5.4673e-01 4.3382e-01 1.7184e-01 4.0366e-01 4.6218e-01 3.5721e-01 1.5630e-01 4.2260e-01 6.8445e-02
1.9953e+01 1.9953e+01 1.4000e+01 5.6867e-01 4.4402e-01 4.9256e-01 3.3748e-01 4.2761e-01 1.5222e-01 3.7955e-01 2.5256e-02 4.0786e-01 6.8496e-02
1.9953e+01 1.9953e+01 1.4000e+01 5.2447e-01 4.2930e-01 4.8378e-01 2.1264e-01 4.2603e-01 2.8881e-01 3.7416e-01 5.6954e-02 4.3510e-01 4.6205e-02
1.9953e+01 1.9953e+01 1.4000e+01 3.1934e+00 6.8187e-01 3.1880e+00 3.5073e-01 2.7010e+00 3.5266e-01 2.6220e+00 1.4236e-01 4.0754e-01 1.0304e-01
1.9953e+01 1.9953e+01 1.4000e+01 4.7395e-01 3.4285e-01 3.5801e-01 4.3278e-02 4.0827e-01 2.0421e-01 3.6706e-01 1.2678e-02 4.2442e-01 4.2874e-02
1.9953e+01 1.9953e+01 1.4000e+01 6.7027e-01 4.0237e-01 6.0522e-01 2.3394e-02 5.3036e-01 2.2549e-01 5.2780e-01 1.0695e-02 4.1475e-01 2.0816e-02
1.9953e+01 1.9953e+01 1.4000e+01 3.6422e+00 4.1488e-01 3.5169e+00 4.0229e-02 3.6523e+00 2.5760e-01 3.5839e+00 2.7702e-02 4.8010e-01 2.9475e-03
2.2387e+01 2.2387e+01 1.3000e+01 3.0115e+00 4.9199e-01 2.8233e+00 2.2300e-01 2.9736e+00 2.7519e-01 2.9330e+00 1.7637e-02 4.1583e-01 2.1614e-02
2.2387e+01 2.2387e+01 1.3000e+01 6.3909e-01 5.7525e-01 6.0600e-01 4.7030e-01 4.3317e-01 1.9884e-01 3.8248e-01 1.0756e-02 3.9743e-01 5.4240e-02
2.2387e+01 2.2387e+01 1.3000e+01 6.1709e-01 5.9158e-01 5.4770e-01 4.5718e-01 4.6390e-01 2.1387e-01 4.1591e-01 4.1374e-02 4.2123e-01 3.6232e-02
2.2387e+01 2.2387e+01 1.3000e+01 5.0347e+00 8.2638e-01 4.9693e+00 6.7691e-01 4.6823e+00 3.9617e-01 4.6523e+00 2.1616e-02 1.5647e+00 1.0652e-02
2.2387e+01 2.2387e+01 1.3000e+01 7.9628e-01 7.9749e-01 7.9757e-01 7.2075e-01 3.8344e-01 2.4698e-01 3.8064e-01 1.8415e-02 3.6541e-01 4.0306e-02
2.2387e+01 2.2387e+01 1.3000e+01 6.1018e-01 5.5687e-01 5.5818e-01 3.7439e-01 3.7732e-01 2.7078e-01 3.3457e-01 4.8485e-02 4.0024e-01 4.5045e-02
2.2387e+01 2.2387e+01 1.3000e+01 1.5407e+00 5.4878e-01 1.3594e+00 5.5402e-02 1.3309e+00 3.7644e-01 1.3170e+00 1.0003e-01 4.6918e-01 9.3039e-02
2.2387e+01 2.2387e+01 1.3000e+01 5.0126e-01 3.6865e-01 4.0344e-01 4.6977e-02 4.2471e-01 1.7078e-01 3.7273e-01 4.0189e-02 4.1103e-01 4.9882e-02
2.2387e+01 2.2387e+01 1.3000e+01 4.8365e-01 4.8312e-01 4.5903e-01 6.5815e-02 4.0646e-01 3.1542e-01 4.0049e-01 7.3805e-02 3.8261e-01 3.7870e-02
2.2387e+01 2.2387e+01 1.3000e+01 1.0750e+00 1.0067e+00 1.0728e+00 9.0361e-01 4.3163e-01 3.0421e-01 3.9763e-01 1.3563e-02 4.0064e-01 5.1905e-02
2.5119e+01 2.5119e+01 1.2000e+01 3.1855e+00 1.1296e+00 3.0573e+00 9.3457e-01 2.7028e+00 3.2765e-01 2.8041e+00 7.0548e-02 5.0837e-01 1.1298e-01
2.5119e+01 2.5119e+01 1.2000e+01 4.0970e+00 9.0353e-01 4.0196e+00 8.1706e-01 3.4858e+00 3.1034e-01 3.4733e+00 4.5582e-02 8.9946e-01 3.3248e-02
2.5119e+01 2.5119e+01 1.2000e+01 3.7651e+00 6.9127e-01 3.3521e+00 2.0773e-01 2.9600e+00 3.9447e-01 2.9400e+00 1.4614e-01 5.1011e-01 1.2883e-01
2.5119e+01 2.5119e+01 1.2000e+01 9.1294e-01 8.5290e-01 9.0051e-01 7.3301e-01 4.3737e-01 3.3902e-01 4.2841e-01 3.9427e-03 4.1559e-01 5.4605e-02
2.5119e+01 2.5119e+01 1.2000e+01 6.0782e-01 6.0121e-01 5.6443e-01 2.6557e-01 4.4265e-01 2.9499e-01 4.3752e-01 4.5639e-02 3.9924e-01 6.7411e-02
2.5119e+01 2.5119e+01 1.2000e+01 1.9221e+00 1.5633e+00 1.9296e+00 1.5010e+00 7.9093e-01 2.7940e-01 7.9471e-01 3.1900e-03 4.2143e-01 7.1420e-02
2.5119e+01 2.5119e+01 1.2000e+01 5.9040e-01 4.5843e-01 5.1285e-01 1.7885e-02 4.6002e-01 2.4245e-01 4.4071e-01 3.1198e-03 4.3647e-01 3.3706e-02
2.5119e+01 2.5119e+01 1.2000e+01 2.1111e+00 8.0065e-01 2.0911e+00 1.8158e-01 1.9411e+00 4.4754e-01 1.9191e+00 1.0309e-01 4.7958e-01 1.2877e-01
2.5119e+01 2.5119e+01 1.2000e+01 1.8703e+00 1.6050e+00 1.6791e+00 1.4951e+00 7.5584e-01 3.5888e-01 6.7591e-01 8.0845e-02 4.6741e-01 9.5889e-02
2.5119e+01 2.5119e+01 1.2000e+01 8.2148e-01 8.6300e-01 6.8646e-01 6.4953e-01 4.8946e-01 5.2116e-01 4.0527e-01 5.7036e-02 4.1680e-01 6.4823e-02
2.8184e+01 2.8184e+01 1.1000e+01 9.6943e-01 9.9282e-01 8.2972e-01 8.2084e-01 4.9438e-01 3.3721e-01 4.9263e-01 1.9614e-01 4.3367e-01 1.1654e-01
2.8184e+01 2.8184e+01 1.1000e+01 2.0777e+00 9.6386e-01 1.6471e+00 4.3639e-01 1.9615e+00 6.0512e-01 1.7518e+00 5.5259e-02 4.4963e-01 1.2499e-01
2.8184e+01 2.8184e+01 1.1000e+01 2.0414e+00 8.4934e-01 1.9516e+00 7.3771e-01 1.5289e+00 2.4099e-01 1.5134e+00 3.6870e-02 4.5396e-01 1.2040e-02
2.8184e+01 2.8184e+01 1.1000e+01 5.6485e-01 6.1657e-01 4.6824e-01 3.9425e-01 4.7444e-01 3.4567e-01 4.3755e-01 1.5888e-01 4.3673e-01 9.3951e-02
2.8184e+01 2.8184e+01 1.1000e+01 1.8723e+00 5.6402e-01 1.8685e+00 4.6261e-01 1.9250e+00 3.9438e-01 1.8792e+00 9.6526e-02 5.4141e-01 3.0925e-02
2.8184e+01 2.8184e+01 1.1000e+01 1.2233e+00 1.2249e+00 1.2083e+00 1.0707e+00 7.0209e-01 3.5036e-01 6.0707e-01 1.1748e-01 4.6626e-01 1.0878e-01
2.8184e+01 2.8184e+01 1.1000e+01 2.8280e+00 9.2367e-01 2.8388e+00 7.4733e-01 2.3720e+00 4.1149e-01 2.3762e+00 1.6283e-01 6.5786e-01 8.8223e-02
2.8184e+01 2.8184e+01 1.1000e+01 2.7602e+00 5.9866e-01 2.4790e+00 2.6968e-01 2.4709e+00 4.1085e-01 2.5033e+00 9.3282e-02 4.6985e-01 8.8660e-02
2.8184e+01 2.8184e+01 1.1000e+01 7.3996e+00 1.0107e+00 7.1454e+00 7.4937e-01 4.7105e+00 4.5926e-01 4.6372e+00 1.2571e-01 5.7006e-01 1.3158e-01
2.8184e+01 2.8184e+01 1.1000e+01 6.3579e-01 4.7007e-01 5.3420e-01 4.7353e-02 5.0385e-01 2.9878e-01 4.8224e-01 2.9086e-02 4.8967e-01 4.9473e-02
3.1623e+01 3.1623e+01 1.0000e+01 7.1340e-01 6.7078e-01 4.7789e-01 1.0689e-01 5.6464e-01 4.5087e-01 5.3553e-01 8.4134e-02 4.6999e-01 7.2285e-02
3.1623e+01 3.1623e+01 1.0000e+01 2.5411e+00 1.4582e+00 1.6695e+00 1.2006e+00 1.8177e+00 4.6010e-01 1.7829e+00 2.2506e-01 6.4003e-01 1.7804e-01
3.1623e+01 3.1623e+01 1.0000e+01 9.6692e-01 8.1176e-01 9.4838e-01 4.9382e-01 7.0565e-01 5.7207e-01 6.5500e-01 1.3795e-01 4.7697e-01 1.1869e-01
3.1623e+01 3.1623e+01 1.0000e+01 5.9646e+00 8.3517e-01 5.7607e+00 2.2849e-01 4.7783e+00 2.2656e-01 4.6933e+00 1.5658e-01 7.8673e-01 1.3896e-01
3.1623e+01 3.1623e+01 1.0000e+01 8.0195e-01 6.4065e-01 6.8996e-01 4.2837e-01 4.3582e-01 3.3662e-01 3.8736e-01 4.6642e-02 3.9121e-01 8.0806e-02
3.1623e+01 3.1623e+01 1.0000e+01 9.1351e+00 8.7013e-01 8.8694e+00 3.4877e-01 7.7258e+00 4.0759e-01 7.5974e+00 6.9723e-02 1.0202e+00 1.5969e-01
3.1623e+01 3.1623e+01 1.0000e+01 6.5936e-01 5.5549e-01 6.0046e-01 5.9509e-02 5.3561e-01 4.1480e-01 5.2457e-01 3.3849e-02 4.6734e-01 4.1260e-02
3.1623e+01 3.1623e+01 1.0000e+01 3.3781e+00 6.3394e-01 3.3157e+00 3.1513e-01 3.2888e+00 4.1046e-01 3.0545e+00 5.3706e-02 8.0120e-01 9.2578e-02
3.1623e+01 3.1623e+01 1.0000e+01 5.0652e+00 8.0415e-01 4.8922e+00 4.6269e-01 4.4291e+00 4.6258e-01 4.4018e+00 1.4426e-01 1.1986e+00 9.9250e-02
3.1623e+01 3.1623e+01 1.0000e+01 1.1133e+00 1.2339e+00 9.6957e-01 1.1392e+00 5.3702e-01 4.1705e-01 5.2641e-01 1.7708e-02 4.7924e-01 4.1616e-02
3.5481e+01 3.5481e+01 9.0000e+00 8.8594e+00 9.6717e-01 8.6477e+00 8.9565e-01 9.2071e+00 4.7847e-01 8.7506e+00 2.9428e-01 3.0042e+00 3.1044e-03
3.5481e+01 3.5481e+01 9.0000e+00 2.1229e+00 6.5425e-01 1.5181e+00 2.2218e-01 2.0947e+00 5.1572e-01 2.0571e+00 1.8186e-01 6.8229e-01 1.7053e-01
3.5481e+01 3.5481e+01 9.0000e+00 9.2618e-01 9.2992e-01 6.0623e-01 4.4358e-01 6.3189e-01 6.6717e-01 5.3978e-01 7.6217e-02 4.7406e-01 7.3210e-02
3.5481e+01 3.5481e+01 9.0000e+00 9.5248e-01 7.4397e-01 8.2166e-01 5.9201e-01 5.0701e-01 1.7602e-01 4.1993e-01 1.5221e-01 4.5397e-01 8.5155e-02
3.5481e+01 3.5481e+01 9.0000e+00 8.0247e-01 7.1035e-01 7.4766e-01 6.0703e-01 6.3900e-01 3.6075e-01 6.3136e-01 1.9939e-01 5.4748e-01 6.0239e-02
3.5481e+01 3.5481e+01 9.0000e+00 1.3075e+00 1.2388e+00 1.2337e+00 1.0263e+00 6.3404e-01 4.7178e-01 6.1445e-01 2.0724e-01 5.4721e-01 1.2633e-01
3.5481e+01 3.5481e+01 9.0000e+00 1.5406e+00 5.2227e-01 1.4131e+00 3.3152e-02 1.3110e+00 3.1587e-01 1.3055e+00 2.2459e-02 5.3535e-01 3.8910e-02
3.5481e+01 3.5481e+01 9.0000e+00 6.4735e+00 1.3171e+00 6.2723e+00 9.3295e-01 4.5564e+00 3.4771e-01 4.5638e+00 1.2421e-01 1.1684e+00 1.3761e-01
3.5481e+01 3.5481e+01 9.0000e+00 1.2393e+00 1.0045e+00 1.0170e+00 7.3816e-01 6.7941e-01 4.8541e-01 6.9088e-01 2.9707e-01 6.1070e-01 1.0495e-01
3.5481e+01 3.5481e+01 9.0000e+00 5.9391e+00 6.9755e-01 5.8460e+00 5.5557e-01 6.1050e+00 4.1007e-01 6.0401e+00 2.4631e-01 1.3686e+00 2.8489e-02
3.9811e+01 3.9811e+01 8.0000e+00 8.5009e+00 8.5187e-01 8.2361e+00 3.6718e-01 6.9135e+00 5.9429e-01 6.7824e+00 1.6955e-01 1.6712e+00 1.5357e-01
3.9811e+01 3.9811e+01 8.0000e+00 6.5453e-01 6.8502e-01 5.8408e-01 3.8695e-01 5.2504e-01 4.7038e-01 5.1604e-01 1.1636e-01 5.0094e-01 1.1919e-01
3.9811e+01 3.9811e+01 8.0000e+00 3.4062e+00 7.0382e-01 3.1268e+00 1.6475e-01 1.9244e+00 3.8838e-01 1.8883e+00 1.3797e-01 6.4170e-01 1.4832e-01
3.9811e+01 3.9811e+01 8.0000e+00 6.5492e-01 6.7817e-01 5.7640e-01 1.9095e-01 6.1448e-01 5.5756e-01 5.9420e-01 1.9547e-01 5.9016e-01 1.1619e-01
3.9811e+01 3.9811e+01 8.0000e+00 1.6810e+00 1.8578e+00 1.6024e+00 1.7844e+00 5.8814e-01 3.4301e-01 5.1404e-01 1.4731e-02 5.3317e-01 6.2040e-02
3.9811e+01 3.9811e+01 8.0000e+00 9.9820e-01 9.6553e-01 9.5107e-01 6.4091e-01 7.1790e-01 5.1871e-01 7.2029e-01 1.3726e-01 4.5474e-01 1.1690e-01
3.9811e+01 3.9811e+01 8.0000e+00 7.6280e-01 6.7154e-01 5.7984e-01 5.0752e-01 6.2531e-01 4.7383e-01 6.2213e-01 4.0985e-01 6.2566e-01 1.4421e-01
3.9811e+01 3.9811e+01 8.0000e+00 1.4104e+00 1.3250e+00 1.3337e+00 1.1641e+00 5.9973e-01 4.1841e-01 5.0973e-01 7.7146e-02 5.0587e-01 8.3999e-02
3.9811e+01 3.9811e+01 8.0000e+00 1.8404e+00 7.1826e-01 1.7209e+00 5.6217e-01 1.7819e+00 4.1955e-01 1.7507e+00 2.5292e-01 6.3052e-01 6.1216e-02
3.9811e+01 3.9811e+01 8.0000e+00 6.3426e+00 8.9639e-01 6.0992e+00 7.1224e-01 6.3457e+00 4.2354e-01 6.3344e+00 5.7923e-02 1.2008e+00 6.3627e-02
4.4668e+01 4.4668e+01 7.0000e+00 1.5974e+00 7.7163e-01 1.4294e+00 4.4098e-01 9.0519e-01 4.9725e-01 8.0650e-01 1.1331e-01 4.9142e-01 1.2967e-01
4.4668e+01 4.4668e+01 7.0000e+00 2.1685e+00 1.9898e+00 2.1225e+00 1.8499e+00 6.9764e-01 4.4271e-01 6.5108e-01 1.8503e-01 5.9856e-01 1.5120e-01
4.4668e+01 4.4668e+01 7.0000e+00 1.1361e+00 8.2532e-01 9.5623e-01 6.6030e-01 6.0027e-01 5.4871e-01 5.8959e-01 3.3985e-01 5.1694e-01 1.4750e-01
4.4668e+01 4.4668e+01 7.0000e+00 2.8104e+00 9.0860e-01 2.7980e+00 7.1448e-01 1.8021e+00 5.7234e-01 1.8237e+00 2.4289e-01 7.9542e-01 1.4922e-01
4.4668e+01 4.4668e+01 7.0000e+00 6.1944e+00 9.2038e-01 5.9867e+00 6.4903e-01 6.2780e+00 5.5807e-01 5.8702e+00 4.2567e-01 1.3807e+00 5.1676e-02
4.4668e+01 4.4668e+01 7.0000e+00 8.6602e-01 8.7153e-01 5.3567e-01 6.2975e-01 7.3145e-01 5.6844e-01 6.8894e-01 4.1567e-01 7.3024e-01 1.1575e-01
4.4668e+01 4.4668e+01 7.0000e+00 1.1939e+01 7.8982e-01 1.1605e+01 5.8546e-01 8.9885e+00 5.8133e-01 8.9177e+00 4.9357e-01 2.4594e+00 2.4440e-01
4.4668e+01 4.4668e+01 7.0000e+00 8.4229e-01 9.8435e-01 7.1576e-01 5.4588e-01 6.3899e-01 4.2849e-01 6.6370e-01 1.7846e-01 6.4775e-01 1.6362e-01
4.4668e+01 4.4668e+01 7.0000e+00 9.5586e-01 9.6429e-01 7.5193e-01 4.9604e-01 5.6437e-01 6.6184e-01 5.5637e-01 1.0681e-01 5.7311e-01 1.7387e-01
4.4668e+01 4.4668e+01 7.0000e+00 1.8276e+01 1.2476e+00 1.7903e+01 7.8450e-01 1.7031e+01 9.3044e-01 1.6865e+01 4.8296e-02 7.6312e+00 5.1187e-02
5.0119e+01 5.0119e+01 6.0000e+00 4.0745e+00 7.4394e-01 3.9758e+00 4.5318e-01 4.0475e+00 5.9238e-01 3.9972e+00 4.7604e-01 1.1734e+00 8.4753e-02
5.0119e+01 5.0119e+01 6.0000e+00 1.0270e+01 2.2634e+00 1.0047e+01 2.0814e+00 7.5522e+00 5.3288e-01 7.4037e+00 3.1251e-01 1.0326e+00 6.3443e-02
5.0119e+01 5.0119e+01 6.0000e+00 1.2477e+00 1.3584e+00 1.0188e+00 9.3635e-01 6.1905e-01 6.1976e-01 5.4231e-01 1.6552e-01 6.4480e-01 1.2631e-01
5.0119e+01 5.0119e+01 6.0000e+00 1.3066e+00 1.2920e+00 1.1861e+00 1.0041e+00 6.0497e-01 5.9999e-01 5.2450e-01 8.9593e-02 5.8966e-01 1.1864e-01
5.0119e+01 5.0119e+01 6.0000e+00 1.5369e+00 9.7891e-01 1.4305e+00 7.8665e-01 1.0208e+00 5.3187e-01 9.7705e-01 4.8545e-01 7.8288e-01 1.4156e-01
5.0119e+01 5.0119e+01 6.0000e+00 1.0607e+00 1.0162e+00 7.3450e-01 7.2043e-01 6.3667e-01 4.9943e-01 4.7213e-01 1.6721e-01 6.0272e-01 1.9577e-01
5.0119e+01 5.0119e+01 6.0000e+00 3.3487e+00 2.8507e+00 3.2877e+00 2.6749e+00 1.0930e+00 5.8124e-01 1.0944e+00 2.5719e-01 4.5707e-01 1.3987e-01
5.0119e+01 5.0119e+01 6.0000e+00 1.0817e+00 1.1515e+00 1.0520e+00 9.6835e-01 7.0850e-01 5.5215e-01 6.9901e-01 3.5622e-01 6.8911e-01 1.7040e-01
5.0119e+01 5.0119e+01 6.0000e+00 9.5734e-01 7.9949e-01 7.8910e-01 6.0693e-01 8.4626e-01 4.7249e-01 7.9100e-01 3.9928e-01 6.6519e-01 1.7691e-01
5.0119e+01 5.0119e+01 6.0000e+00 6.5417e+00 1.4713e+00 6.4485e+00 1.1645e+00 5.2269e+00 6.8414e-01 5.1908e+00 2.0022e-01 1.0868e+00 1.2737e-01
5.6234e+01 5.6234e+01 5.0000e+00 1.0354e+00 1.0877e+00 1.0101e+00 9.4071e-01 9.7023e-01 6.4891e-01 9.5509e-01 6.0351e-01 7.0377e-01 1.3866e-01
5.6234e+01 5.6234e+01 5.0000e+00 9.6339e-01 9.0339e-01 7.9352e-01 1.6218e-01 7.7048e-01 7.1325e-01 7.6472e-01 2.4600e-01 7.3743e-01 1.5028e-01
5.6234e+01 5.6234e+01 5.0000e+00 1.4486e+00 9.5594e-01 1.0863e+00 7.9366e-01 1.0390e+00 5.1637e-01 9.0693e-01 3.0401e-01 7.5656e-01 2.2165e-01
5.6234e+01 5.6234e+01 5.0000e+00 1.7540e+00 1.0064e+00 1.4528e+00 6.3145e-01 1.2292e+00 7.3684e-01 1.1312e+00 6.2010e-01 1.0301e+00 1.2716e-01
5.6234e+01 5.6234e+01 5.0000e+00 1.6393e+00 1.6272e+00 1.3915e+00 1.4186e+00 6.8126e-01 6.3104e-01 6.4858e-01 5.2682e-01 6.5185e-01 2.0773e-01
5.6234e+01 5.6234e+01 5.0000e+00 7.7075e+00 1.7484e+00 7.2390e+00 1.5389e+00 3.9837e+00 6.8291e-01 3.8912e+00 5.9435e-01 5.2066e-01 2.1394e-01
5.6234e+01 5.6234e+01 5.0000e+00 1.0743e+01 1.0202e+00 1.0374e+01 8.2121e-01 1.0225e+01 7.8129e-01 1.0004e+01 5.4255e-01 3.3253e+00 2.2345e-01
5.6234e+01 5.6234e+01 5.0000e+00 7.6888e+00 1.2452e+00 7.5046e+00 9.6323e-01 7.0340e+00 5.1891e-01 6.9966e+00 5.5128e-01 1.8913e+00 2.4487e-01
5.6234e+01 5.6234e+01 5.0000e+00 1.0987e+00 1.0130e+00 9.9193e-01 7.5721e-01 9.3801e-01 6.3176e-01 8.9605e-01 4.5442e-01 8.4097e-01 2.4829e-01
5.6234e+01 5.6234e+01 5.0000e+00 2.7051e+00 1.5247e+00 2.6477e+00 1.4110e+00 2.0650e+00 6.9699e-01 2.0392e+00 5.8840e-01 8.6810e-01 1.3238e-01
6.3096e+01 6.3096e+01 4.0000e+00 7.3939e+00 2.1105e+00 7.3325e+00 1.8049e+00 6.3584e+00 1.2366e+00 6.2013e+00 1.0445e+00 1.9517e+00 1.5046e-01
6.3096e+01 6.3096e+01 4.0000e+00 1.2274e+00 1.4212e+00 1.0747e+00 8.1933e-01 8.2237e-01 7.4212e-01 7.8790e-01 5.9232e-01 7.6598e-01 1.9553e-01
6.3096e+01 6.3096e+01 4.0000e+00 1.7547e+00 1.1691e+00 1.4453e+00 1.0609e+00 1.2618e+00 8.2173e-01 1.2918e+00 6.9965e-01 9.7949e-01 3.4058e-01
6.3096e+01 6.3096e+01 4.0000e+00 5.2163e+00 1.2455e+00 4.9132e+00 8.5910e-01 4.3314e+00 9.2421e-01 4.2103e+00 8.3979e-01 5.3289e-01 3.0731e-01
6.3096e+01 6.3096e+01 4.0000e+00 5.5029e+00 1.6782e+00 3.9237e+00 1.5007e+00 2.9096e+00 8.8510e-01 2.8613e+00 7.0697e-01 6.2870e-01 1.0980e-01
6.3096e+01 6.3096e+01 4.0000e+00 1.6126e+00 1.2250e+00 1.4782e+00 9.6332e-01 1.0246e+00 8.6887e-01 1.0014e+00 5.4661e-01 6.4861e-01 2.4720e-01
6.3096e+01 6.3096e+01 4.0000e+00 1.2498e+01 1.1427e+00 1.2187e+01 9.5226e-01 1.2570e+01 7.3148e-01 1.2462e+01 6.8641e-01 2.8004e+00 3.0677e-01
6.3096e+01 6.3096e+01 4.0000e+00 1.2343e+00 1.2741e+00 1.1350e+00 1.0643e+00 8.4411e-01 6.6068e-01 8.2233e-01 5.2855e-01 8.2599e-01 1.3577e-01
6.3096e+01 6.3096e+01 4.0000e+00 3.8670e+00 1.3953e+00 3.5839e+00 1.1160e+00 9.4746e-01 7.2712e-01 6.7569e-01 5.4487e-01 7.6408e-01 6.3254e-02
6.3096e+01 6.3096e+01 4.0000e+00 1.2976e+00 1.1203e+00 1.1535e+00 8.2901e-01 8.3591e-01 6.4777e-01 7.8909e-01 6.9481e-01 7.5679e-01 2.5322e-01
7.0795e+01 7.0795e+01 3.0000e+00 1.6656e+00 1.4787e+00 1.5164e+00 1.1337e+00 1.0682e+00 9.5706e-01 1.0095e+00 7.1931e-01 9.3181e-01 2.7281e-01
7.0795e+01 7.0795e+01 3.0000e+00 7.7882e+00 2.1958e+00 7.2696e+00 2.0544e+00 6.0968e+00 8.0231e-01 6.0257e+00 6.1154e-01 5.7021e-01 2.2669e-01
7.0795e+01 7.0795e+01 3.0000e+00 2.8803e+00 2.3130e+00 2.8044e+00 2.1765e+00 9.1197e-01 1.0893e+00 9.1000e-01 9.0451e-01 6.5483e-01 1.9851e-01
7.0795e+01 7.0795e+01 3.0000e+00 2.0680e+00 2.3329e+00 1.9525e+00 2.1075e+00 1.0183e+00 1.0614e+00 1.0473e+00 1.1038e+00 8.2297e-01 2.8550e-01
7.0795e+01 7.0795e+01 3.0000e+00 1.3665e+00 1.1891e+00 9.5951e-01 8.9614e-01 1.1319e+00 8.8326e-01 1.0581e+00 7.7151e-01 1.0197e+00 3.2181e-01
7.0795e+01 7.0795e+01 3.0000e+00 1.4527e+00 1.4618e+00 1.2708e+00 1.3502e+00 1.0901e+00 5.5099e-01 1.0755e+00 4.3671e-01 9.4906e-01 1.3837e-01
7.0795e+01 7.0795e+01 3.0000e+00 1.6006e+00 1.6356e+00 1.0493e+00 1.0251e+00 8.5507e-01 9.9300e-01 9.4032e-01 8.5881e-01 9.5043e-01 2.0831e-01
7.0795e+01 7.0795e+01 3.0000e+00 1.3605e+00 1.4733e+00 1.2814e+00 1.2804e+00 9.0652e-01 8.4565e-01 8.8951e-01 6.8924e-01 8.2868e-01 2.9271e-01
7.0795e+01 7.0795e+01 3.0000e+00 1.5148e+01 1.4062e+00 1.4728e+01 1.0660e+00 1.4912e+01 9.8599e-01 1.4695e+01 8.7573e-01 4.8412e+00 3.8196e-01
7.0795e+01 7.0795e+01 3.0000e+00 6.2877e+00 1.3540e+00 6.1155e+00 9.9587e-01 5.9581e+00 9.5320e-01 5.8642e+00 6.7316e-01 1.9382e+00 1.7326e-01
7.9433e+01 7.9433e+01 2.0000e+00 1.6266e+01 1.5426e+00 1.5366e+01 1.1438e+00 1.3491e+01 1.1681e+00 1.3349e+01 8.6686e-01 2.6120e+00 4.7517e-01
7.9433e+01 7.9433e+01 2.0000e+00 1.8282e+00 1.7179e+00 1.6654e+00 1.4845e+00 1.1641e+00 1.2972e+00 1.1472e+00 1.1027e+00 1.0954e+00 3.8042e-01
7.9433e+01 7.9433e+01 2.0000e+00 1.6279e+00 1.5566e+00 1.6668e+00 1.4741e+00 1.0527e+00 9.8403e-01 1.1089e+00 7.6918e-01 1.0932e+00 2.7767e-01
7.9433e+01 7.9433e+01 2.0000e+00 1.0433e+01 1.4625e+00 9.9303e+00 1.2706e+00 5.4528e+00 1.1212e+00 5.4421e+00 9.7748e-01 1.1794e+00 4.1204e-01
7.9433e+01 7.9433e+01 2.0000e+00 2.6579e+00 1.4014e+00 2.4952e+00 1.0860e+00 2.3251e+00 9.9849e-01 2.2378e+00 8.3019e-01 1.3357e+00 2.6628e-01
7.9433e+01 7.9433e+01 2.0000e+00 1.4011e+01 1.2143e+00 1.3430e+01 7.3692e-01 1.6751e+00 1.0597e+00 1.5873e+00 7.3692e-01 1.4305e+00 4.1726e-01
7.9433e+01 7.9433e+01 2.0000e+00 3.6823e+00 3.6197e+00 3.5533e+00 3.4342e+00 1.3891e+00 1.1322e+00 1.3908e+00 8.5042e-01 9.1621e-01 2.2987e-01
7.9433e+01 7.9433e+01 2.0000e+00 1.2350e+01 1.7891e+00 1.1806e+01 1.5465e+00 5.1966e+00 1.2562e+00 5.1486e+00 1.1860e+00 7.6568e-01 4.4885e-01
7.9433e+01 7.9433e+01 2.0000e+00 1.6540e+00 1.6892e+00 1.5527e+00 1.5333e+00 1.0710e+00 1.1506e+00 1.0530e+00 1.0662e+00 9.4497e-01 3.3276e-01
7.9433e+01 7.9433e+01 2.0000e+00 1.5013e+00 1.2787e+00 1.5114e+00 1.1015e+00 1.3005e+00 9.4840e-01 1.3115e+00 9.2113e-01 1.1417e+00 2.1346e-01
8.9125e+01 8.9125e+01 1.0000e+00 1.8621e+01 1.6197e+00 1.8164e+01 1.3489e+00 1.5755e+01 1.3635e+00 1.5612e+01 9.4549e-01 3.0257e+00 5.5648e-01
8.9125e+01 8.9125e+01 1.0000e+00 3.4971e+00 1.9563e+00 3.0402e+00 1.8076e+00 1.5648e+00 1.7321e+00 1.5900e+00 1.6954e+00 8.1151e-01 5.3574e-01
8.9125e+01 8.9125e+01 1.0000e+00 1.1459e+01 1.6465e+00 1.0660e+01 8.1478e-01 9.8799e+00 1.0575e+00 9.7944e+00 6.9865e-01 7.7184e-01 3.6015e-01
8.9125e+01 8.9125e+01 1.0000e+00 8.9667e+00 1.6818e+00 8.5887e+00 1.4882e+00 9.1111e+00 1.2028e+00 8.8732e+00 1.1190e+00 1.8654e+00 5.7610e-01
8.9125e+01 8.9125e+01 1.0000e+00 9.7612e+00 1.7390e+00 9.5798e+00 1.5422e+00 9.6313e+00 1.3207e+00 9.4238e+00 1.2033e+00 3.0619e+00 3.9983e-01
8.9125e+01 8.9125e+01 1.0000e+00 1.5129e+00 1.9067e+00 1.2660e+00 1.6688e+00 1.4076e+00 1.8023e+00 1.3508e+00 1.6550e+00 1.2437e+00 5.2445e-01
8.9125e+01 8.9125e+01 1.0000e+00 1.6210e+01 2.0103e+00 1.5643e+01 1.2833e+00 1.5593e+01 2.0547e+00 1.5840e+01 1.9010e+00 4.0693e+00 1.2272e-01
8.9125e+01 8.9125e+01 1.0000e+00 4.5284e+00 1.7506e+00 4.3508e+00 1.2434e+00 4.3852e+00 1.4232e+00 4.3486e+00 1.1919e+00 1.6798e+00 2.4999e-01
8.9125e+01 8.9125e+01 1.0000e+00 2.0919e+00 2.2738e+00 2.0362e+00 2.0460e+00 1.4227e+00 1.2928e+00 1.4116e+00 1.1370e+00 1.1682e+00 5.5915e-01
8.9125e+01 8.9125e+01 1.0000e+00 5.8092e+00 1.9382e+00 5.4934e+00 1.6795e+00 4.0583e+00 8.9886e-01 4.0339e+00 8.7281e-01 6.4421e-01 2.6590e-01
1.0000e+02 1.0000e+02 0.0000e+00 4.2790e+00 1.7750e+00 3.8606e+00 1.1531e+00 3.3266e+00 9.9142e-01 3.2191e+00 5.3912e-01 1.5472e+00 5.0846e-01
1.0000e+02 1.0000e+02 0.0000e+00 2.4091e+01 1.9551e+00 2.3599e+01 1.6844e+00 2.2946e+01 1.3542e+00 2.2846e+01 1.1056e+00 9.1787e+00 5.8933e-01
1.0000e+02 1.0000e+02 0.0000e+00 2.3520e+00 2.6333e+00 2.1271e+00 2.3591e+00 9.9102e-01 1.9002e+00 8.6862e-01 1.7568e+00 9.5741e-01 6.1375e-01
1.0000e+02 1.0000e+02 0.0000e+00 2.7579e+00 2.2374e+00 2.5565e+00 1.7577e+00 2.0798e+00 1.9246e+00 2.0327e+00 1.6647e+00 9.5118e-01 5.9144e-01
1.0000e+02 1.0000e+02 0.0000e+00 2.0945e+01 2.6088e+00 2.0397e+01 2.3687e+00 2.1508e+01 2.2225e+00 2.1490e+01 2.1509e+00 6.6889e+00 5.1580e-01
1.0000e+02 1.0000e+02 0.0000e+00 1.5006e+00 1.6716e+00 1.1610e+00 1.5269e+00 1.1131e+00 1.5451e+00 1.0855e+00 1.4476e+00 1.0371e+00 4.1040e-01
1.0000e+02 1.0000e+02 0.0000e+00 2.1611e+00 2.0950e+00 1.8685e+00 1.6720e+00 1.3662e+00 1.3401e+00 1.3456e+00 1.2610e+00 1.3532e+00 4.6461e-01
1.0000e+02 1.0000e+02 0.0000e+00 1.7174e+01 2.1493e+00 1.5170e+01 1.4575e+00 1.2279e+01 1.7503e+00 1.2191e+01 1.6638e+00 9.4437e-01 4.6696e-01
1.0000e+02 1.0000e+02 0.0000e+00 1.9498e+01 2.4984e+00 1.8170e+01 1.6946e+00 1.8621e+01 2.0987e+00 1.8538e+01 1.8956e+00 4.2663e+00 4.6315e-01
1.0000e+02 1.0000e+02 0.0000e+00 1.6485e+00 2.2783e+00 1.4288e+00 2.1430e+00 1.4994e+00 2.1928e+00 1.4692e+00 2.1603e+00 1.1505e+00 5.9953e-01
1.1220e+02 1.1220e+02 -1.0000e+00 6.4490e+00 4.1123e+00 6.1290e+00 3.8406e+00 6.2006e+00 1.5240e+00 6.1500e+00 1.3064e+00 2.0776e+00 4.6039e-01
1.1220e+02 1.1220e+02 -1.0000e+00 1.1488e+01 3.3220e+00 1.1322e+01 2.9872e+00 1.2006e+01 3.4070e+00 1.1906e+01 3.3022e+00 3.2950e+00 4.7686e-01
1.1220e+02 1.1220e+02 -1.0000e+00 1.0972e+01 2.2767e+00 1.0618e+01 1.9631e+00 1.0116e+01 2.0161e+00 9.9217e+00 2.0950e+00 2.3395e+00 9.1464e-01
1.1220e+02 1.1220e+02 -1.0000e+00 2.6388e+01 2.4977e+00 2.6035e+01 1.3319e+00 2.6380e+01 2.2621e+00 2.6226e+01 1.7913e+00 9.4191e+00 5.4744e-01
1.1220e+02 1.1220e+02 -1.0000e+00 1.6579e+00 2.2231e+00 1.5504e+00 2.0372e+00 1.5960e+00 1.4792e+00 1.5538e+00 1.4953e+00 1.4247e+00 6.6730e-01
1.1220e+02 1.1220e+02 -1.0000e+00 1.4103e+01 2.6296e+00 1.3588e+01 1.9290e+00 1.2349e+01 2.0633e+00 1.2181e+01 1.6896e+00 1.1325e+00 6.3349e-01
1.1220e+02 1.1220e+02 -1.0000e+00 3.3444e+00 2.0817e+00 2.1877e+00 1.5892e+00 1.9811e+00 1.2175e+00 1.9611e+00 1.2872e+00 1.4081e+00 5.3446e-01
1.1220e+02 1.1220e+02 -1.0000e+00 2.1582e+01 4.7848e+00 2.0839e+01 1.5641e+00 1.8691e+01 1.7935e+00 1.8623e+01 1.1571e+00 4.6396e+00 3.1467e-01
1.1220e+02 1.1220e+02 -1.0000e+00 1.9164e+01 2.1239e+00 1.8696e+01 1.9570e+00 1.8724e+01 2.3258e+00 1.8345e+01 2.1975e+00 5.1915e+00 2.8311e-01
1.1220e+02 1.1220e+02 -1.0000e+00 5.8472e+00 3.4735e+00 5.7703e+00 3.2304e+00 2.4630e+00 2.2583e+00 2.4633e+00 2.1448e+00 2.1777e+00 8.5081e-01
1.2589e+02 1.2589e+02 -2.0000e+00 2.3660e+00 1.8821e+00 2.2171e+00 1.7677e+00 2.3055e+00 1.7369e+00 2.2168e+00 1.5372e+00 1.7681e+00 8.5127e-01
1.2589e+02 1.2589e+02 -2.0000e+00 2.4457e+01 2.8902e+00 2.4015e+01 2.7227e+00 2.3612e+01 2.1631e+00 2.4213e+01 2.0243e+00 6.1699e+00 1.1069e+00
1.2589e+02 1.2589e+02 -2.0000e+00 1.2971e+00 2.8795e+00 1.1007e+00 2.7279e+00 1.2296e+00 2.7776e+00 1.1856e+00 2.7374e+00 1.2393e+00 8.0644e-01
1.2589e+02 1.2589e+02 -2.0000e+00 2.3398e+00 2.8973e+00 2.0568e+00 2.6525e+00 1.8304e+00 2.3663e+00 1.7887e+00 2.2868e+00 1.6673e+00 1.1620e+00
1.2589e+02 1.2589e+02 -2.0000e+00 6.5697e+00 2.4137e+00 6.1017e+00 2.3200e+00 3.0960e+00 2.2815e+00 3.0812e+00 2.2580e+00 1.8158e+00 8.1164e-01
1.2589e+02 1.2589e+02 -2.0000e+00 3.4233e+00 3.9208e+00 3.3662e+00 3.4608e+00 1.4447e+00 2.6773e+00 1.1951e+00 2.6209e+00 1.5320e+00 1.2457e+00
1.2589e+02 1.2589e+02 -2.0000e+00 2.3552e+00 3.3211e+00 2.3569e+00 3.0519e+00 1.3808e+00 2.7517e+00 1.3439e+00 2.7778e+00 1.4430e+00 9.3258e-01
1.2589e+02 1.2589e+02 -2.0000e+00 3.7713e+00 3.6854e+00 3.6987e+00 3.4655e+00 1.2475e+00 1.9596e+00 1.1887e+00 1.7743e+00 1.2405e+00 7.1143e-01
1.2589e+02 1.2589e+02 -2.0000e+00 2.4217e+00 2.7745e+00 2.2720e+00 2.4809e+00 2.2945e+00 2.6320e+00 2.2962e+00 2.5693e+00 1.7379e+00 7.4363e-01
1.2589e+02 1.2589e+02 -2.0000e+00 1.8966e+00 2.3859e+00 9.7900e-01 2.3168e+00 1.2786e+00 2.3017e+00 1.2037e+00 2.2760e+00 1.3050e+00 6.1898e-01
1.4125e+02 1.4125e+02 -3.0000e+00 4.0866e+01 3.1926e+00 3.9929e+01 2.9376e+00 3.9945e+01 2.2258e+00 3.9664e+01 1.8329e+00 1.4868e+01 1.3096e+00
1.4125e+02 1.4125e+02 -3.0000e+00 1.8982e+00 3.4210e+00 1.6596e+00 3.0436e+00 1.4181e+00 3.1581e+00 1.3331e+00 3.0604e+00 1.5886e+00 1.2504e+00
1.4125e+02 1.4125e+02 -3.0000e+00 2.1022e+01 3.5465e+00 2.1534e+01 3.2390e+00 1.2395e+01 2.9975e+00 1.2246e+01 2.9747e+00 3.2389e+00 1.3913e+00
1.4125e+02 1.4125e+02 -3.0000e+00 3.7777e+00 3.6023e+00 2.9643e+00 3.2148e+00 3.2476e+00 3.5712e+00 3.2548e+00 3.4090e+00 2.5234e+00 1.2323e+00
1.4125e+02 1.4125e+02 -3.0000e+00 8.9775e+00 3.6427e+00 8.2236e+00 3.3404e+00 2.2221e+00 3.1049e+00 2.1952e+00 2.7859e+00 1.0658e+00 1.5133e+00
1.4125e+02 1.4125e+02 -3.0000e+00 6.3776e+00 4.1192e+00 5.4546e+00 3.9275e+00 4.5689e+00 3.1490e+00 4.5265e+00 3.0797e+00 2.5224e+00 8.7566e-01
1.4125e+02 1.4125e+02 -3.0000e+00 1.3720e+01 4.0395e+00 1.3593e+01 3.9165e+00 9.7153e+00 3.5063e+00 9.6570e+00 3.4488e+00 3.8232e+00 1.4303e+00
1.4125e+02 1.4125e+02 -3.0000e+00 2.1667e+00 2.8633e+00 1.9078e+00 2.6124e+00 2.0092e+00 2.5847e+00 1.9772e+00 2.4405e+00 1.8131e+00 1.1424e+00
1.4125e+02 1.4125e+02 -3.0000e+00 3.1197e+01 2.4753e+00 3.0536e+01 2.0777e+00 2.8730e+01 2.0088e+00 2.8203e+01 1.7992e+00 9.2306e+00 1.0815e+00
1.4125e+02 1.4125e+02 -3.0000e+00 2.7885e+00 2.2835e+00 2.2180e+00 2.0718e+00 2.3362e+00 1.9318e+00 2.3492e+00 1.9018e+00 1.8089e+00 6.0851e-01
1.5849e+02 1.5849e+02 -4.0000e+00 3.9885e+00 4.2304e+00 3.8736e+00 4.1237e+00 2.3811e+00 3.0907e+00 2.3282e+00 2.9844e+00 2.1365e+00 1.5275e+00
1.5849e+02 1.5849e+02 -4.0000e+00 2.3366e+01 3.3046e+00 2.2950e+01 2.9216e+00 1.5683e+01 2.5790e+00 1.5571e+01 2.3577e+00 4.3898e+00 1.4398e+00
1.5849e+02 1.5849e+02 -4.0000e+00 9.2881e+00 3.9360e+00 8.5897e+00 3.3942e+00 5.1737e+00 3.0757e+00 5.1509e+00 2.9321e+00 3.0802e+00 1.5978e+00
1.5849e+02 1.5849e+02 -4.0000e+00 2.0005e+00 3.4964e+00 1.4421e+00 3.3254e+00 1.7102e+00 2.8262e+00 1.6709e+00 2.6926e+00 1.7860e+00 1.4376e+00
1.5849e+02 1.5849e+02 -4.0000e+00 2.2611e+01 4.7340e+00 2.1596e+01 4.1755e+00 1.9630e+01 3.6559e+00 1.9446e+01 3.5827e+00 2.1611e+00 1.7729e+00
1.5849e+02 1.5849e+02 -4.0000e+00 2.3436e+00 4.0535e+00 1.3877e+00 3.5989e+00 1.9099e+00 3.0700e+00 1.8542e+00 2.9572e+00 1.8277e+00 1.2283e+00
1.5849e+02 1.5849e+02 -4.0000e+00 1.6576e+01 4.2384e+00 1.6311e+01 3.3237e+00 1.6146e+01 3.6455e+00 1.6137e+01 3.5753e+00 2.0276e+00 1.4717e+00
1.5849e+02 1.5849e+02 -4.0000e+00 1.8055e+01 4.7483e+00 1.7729e+01 4.6728e+00 2.4064e+00 1.6499e+00 2.3690e+00 7.6443e-01 1.5266e+00 1.0867e+00
1.5849e+02 1.5849e+02 -4.0000e+00 2.6852e+00 3.4576e+00 4.2393e-01 3.0831e+00 1.7522e+00 2.8289e+00 1.7333e+00 2.4886e+00 1.7415e+00 1.4326e+00
1.5849e+02 1.5849e+02 -4.0000e+00 2.3160e+01 3.0339e+00 2.2745e+01 2.5713e+00 8.9058e+00 2.6718e+00 8.8632e+00 2.4747e+00 4.0339e+00 1.4390e+00
1.7783e+02 1.7783e+02 -5.0000e+00 3.5182e+01 5.3783e+00 3.3857e+01 5.2428e+00 3.3251e+01 4.7292e+00 3.3995e+01 4.6976e+00 1.0615e+01 2.6984e+00
1.7783e+02 1.7783e+02 -5.0000e+00 8.7323e+00 5.6998e+00 8.4989e+00 5.5080e+00 9.0620e+00 5.6197e+00 8.9601e+00 5.5945e+00 8.9757e-01 2.1576e+00
1.7783e+02 1.7783e+02 -5.0000e+00 2.5170e+00 4.2177e+00 2.4276e+00 3.8672e+00 1.7769e+00 3.3545e+00 1.8211e+00 3.2691e+00 1.8518e+00 1.0484e+00
1.7783e+02 1.7783e+02 -5.0000e+00 1.0990e+01 7.5812e+00 1.0780e+01 7.4823e+00 5.3612e+00 3.5216e+00 5.2048e+00 3.4925e+00 2.5648e+00 2.2992e+00
1.7783e+02 1.7783e+02 -5.0000e+00 3.3932e+01 5.4702e+00 3.3638e+01 4.8194e+00 2.9640e+01 4.7643e+00 2.9538e+01 4.4668e+00 4.2775e+00 2.0715e+00
1.7783e+02 1.7783e+02 -5.0000e+00 3.0757e+00 4.0327e+00 2.9100e+00 3.9259e+00 1.6881e+00 3.4992e+00 1.6650e+00 3.4304e+00 1.5809e+00 1.5667e+00
1.7783e+02 1.7783e+02 -5.0000e+00 5.1559e+00 8.0859e+00 5.0656e+00 7.9896e+00 1.3787e+00 6.0720e+00 1.2754e+00 6.1874e+00 1.4955e+00 2.1263e+00
1.7783e+02 1.7783e+02 -5.0000e+00 5.8665e+00 3.7686e+00 5.4047e+00 3.5358e+00 5.9554e+00 3.3505e+00 6.0263e+00 3.4453e+00 2.0795e+00 1.9110e+00
1.7783e+02 1.7783e+02 -5.0000e+00 1.2819e+01 4.5446e+00 1.2630e+01 4.3408e+00 1.1037e+01 4.2145e+00 1.0984e+01 4.1235e+00 3.3097e+00 1.4430e+00
1.7783e+02 1.7783e+02 -5.0000e+00 7.8683e+00 3.5248e+00 7.6106e+00 3.3250e+00 4.5826e+00 2.9337e+00 4.4491e+00 2.7405e+00 1.0960e+00 1.5337e+00
1.9953e+02 1.9953e+02 -6.0000e+00 1.8228e+01 6.3757e+00 1.8321e+01 6.3592e+00 1.2496e+01 4.8449e+00 1.2410e+01 4.8001e+00 1.0808e+00 2.4333e+00
1.9953e+02 1.9953e+02 -6.0000e+00 2.9141e+01 6.7661e+00 2.8913e+01 6.5337e+00 2.6063e+01 4.6123e+00 2.5926e+01 4.5577e+00 7.9188e+00 1.5906e+00
1.9953e+02 1.9953e+02 -6.0000e+00 5.5392e+01 1.2264e+01 5.4404e+01 1.2229e+01 5.2188e+01 8.4775e+00 5.2011e+01 8.4646e+00 2.5836e+01 2.1693e+00
1.9953e+02 1.9953e+02 -6.0000e+00 2.2678e+00 5.8616e+00 1.8833e+00 5.4534e+00 1.8649e+00 5.6857e+00 1.6492e+00 5.4963e+00 2.1479e+00 3.0109e+00
1.9953e+02 1.9953e+02 -6.0000e+00 3.8718e+00 4.9658e+00 3.5185e+00 3.9335e+00 3.1511e+00 4.2433e+00 3.1021e+00 4.0151e+00 2.3346e+00 3.0857e+00
1.9953e+02 1.9953e+02 -6.0000e+00 3.1350e+00 4.7573e+00 2.9836e+00 4.4957e+00 2.0689e+00 4.1889e+00 2.0307e+00 4.0504e+00 1.9066e+00 2.0171e+00
1.9953e+02 1.9953e+02 -6.0000e+00 4.6519e+01 5.6271e+00 4.4913e+01 5.3619e+00 4.5663e+01 5.1384e+00 4.6044e+01 5.0593e+00 1.7362e+01 2.3045e+00
1.9953e+02 1.9953e+02 -6.0000e+00 3.0394e+00 5.2612e+00 2.8657e+00 4.9952e+00 2.0827e+00 4.3397e+00 2.0123e+00 4.2388e+00 2.0240e+00 1.8513e+00
1.9953e+02 1.9953e+02 -6.0000e+00 1.9138e+01 4.5974e+00 1.8928e+01 4.1105e+00 1.8572e+01 4.2406e+00 1.8392e+01 4.2425e+00 4.3212e+00 1.3888e+00
1.9953e+02 1.9953e+02 -6.0000e+00 5.8089e+01 1.7496e+01 5.7307e+01 1.7350e+01 4.7955e+01 9.9081e+00 4.7772e+01 9.8348e+00 1.5552e+01 2.0036e+00
2.2387e+02 2.2387e+02 -7.0000e+00 3.8525e+01 5.4033e+00 3.7501e+01 5.1322e+00 3.5138e+01 4.9143e+00 3.4904e+01 4.8768e+00 1.1356e+01 2.2077e+00
2.2387e+02 2.2387e+02 -7.0000e+00 3.0275e+00 5.4574e+00 2.4716e+00 5.0765e+00 2.0554e+00 4.9236e+00 2.0359e+00 4.8176e+00 2.3456e+00 3.3521e+00
2.2387e+02 2.2387e+02 -7.0000e+00 5.8462e+00 5.1882e+00 5.6665e+00 4.7112e+00 3.1176e+00 4.1982e+00 3.0840e+00 3.9514e+00 2.6130e+00 2.1978e+00
2.2387e+02 2.2387e+02 -7.0000e+00 5.9160e+01 6.4295e+00 5.8293e+01 6.2133e+00 5.8248e+01 7.1053e+00 5.9140e+01 7.0738e+00 2.5598e+01 1.8762e+00
2.2387e+02 2.2387e+02 -7.0000e+00 4.5271e+00 5.8257e+00 4.1446e+00 5.5040e+00 3.6605e+00 5.3037e+00 3.5492e+00 5.1433e+00 2.4206e+00 2.1452e+00
2.2387e+02 2.2387e+02 -7.0000e+00 1.5428e+01 5.6212e+00 1.4976e+01 5.1131e+00 9.8022e+00 4.6474e+00 9.7674e+00 4.5871e+00 1.1527e+00 2.1047e+00
2.2387e+02 2.2387e+02 -7.0000e+00 3.2585e+01 5.4250e+00 3.2407e+01 5.2252e+00 3.0123e+01 5.4338e+00 3.0096e+01 5.3725e+00 9.3195e+00 3.3443e+00
2.2387e+02 2.2387e+02 -7.0000e+00 3.8740e+00 6.7234e+00 3.5961e+00 6.5485e+00 2.1695e+00 6.3990e+00 2.0169e+00 6.1375e+00 2.2695e+00 2.9404e+00
2.2387e+02 2.2387e+02 -7.0000e+00 7.1099e+00 6.6688e+00 7.0359e+00 6.4516e+00 3.5108e+00 6.1919e+00 3.4072e+00 6.1451e+00 1.9582e+00 3.3899e+00
2.2387e+02 2.2387e+02 -7.0000e+00 9.7681e+00 6.5828e+00 1.0410e+01 6.3689e+00 5.9551e+00 4.9736e+00 5.9794e+00 4.8727e+00 1.7154e+00 2.9142e+00
2.5119e+02 2.5119e+02 -8.0000e+00 5.3271e+01 6.4506e+00 5.2058e+01 6.2011e+00 4.8694e+01 5.2534e+00 4.8770e+01 5.2422e+00 1.4574e+01 3.7776e+00
2.5119e+02 2.5119e+02 -8.0000e+00 4.8670e+01 8.4228e+00 4.6850e+01 8.4307e+00 4.7488e+01 8.8223e+00 4.7277e+01 8.7846e+00 8.8091e+00 3.0607e+00
2.5119e+02 2.5119e+02 -8.0000e+00 5.1954e+01 6.6345e+00 5.1828e+01 6.4138e+00 5.0726e+01 5.6437e+00 5.0609e+01 5.5855e+00 1.9604e+01 4.1591e+00
2.5119e+02 2.5119e+02 -8.0000e+00 1.9748e+01 5.0910e+00 1.8527e+01 4.7984e+00 1.4845e+01 4.0750e+00 1.4671e+01 3.9111e+00 1.1025e+00 2.4554e+00
2.5119e+02 2.5119e+02 -8.0000e+00 2.9615e+00 7.3687e+00 2.2825e+00 7.3652e+00 1.6197e+00 6.1667e+00 1.5226e+00 6.1239e+00 1.9492e+00 3.9770e+00
2.5119e+02 2.5119e+02 -8.0000e+00 3.6796e+01 6.1829e+00 3.6162e+01 5.9376e+00 3.1744e+01 4.6114e+00 3.1591e+01 4.3786e+00 3.1378e+00 3.0976e+00
2.5119e+02 2.5119e+02 -8.0000e+00 4.3096e+00 7.6045e+00 4.0415e+00 7.4424e+00 4.5998e+00 5.8869e+00 4.5564e+00 5.7991e+00 2.9071e+00 2.2306e+00
2.5119e+02 2.5119e+02 -8.0000e+00 4.5643e+01 8.2311e+00 4.5235e+01 7.9353e+00 4.3254e+01 7.2223e+00 4.3146e+01 7.1813e+00 1.4726e+01 4.8878e+00
2.5119e+02 2.5119e+02 -8.0000e+00 2.4146e+01 6.4768e+00 2.3961e+01 6.0212e+00 2.0926e+01 5.5610e+00 2.0565e+01 5.4118e+00 1.6478e+00 4.3582e+00
2.5119e+02 2.5119e+02 -8.0000e+00 2.7977e+00 5.9628e+00 1.7431e+00 5.7297e+00 2.3335e+00 5.8134e+00 1.9008e+00 5.6571e+00 2.6134e+00 4.6677e+00
2.8184e+02 2.8184e+02 -9.0000e+00 1.6570e+01 8.1681e+00 1.6732e+01 7.5724e+00 1.2037e+01 7.8163e+00 1.2129e+01 7.7970e+00 4.9452e+00 4.7013e+00
2.8184e+02 2.8184e+02 -9.0000e+00 2.5211e+01 7.1146e+00 2.4937e+01 7.0349e+00 2.2775e+01 6.6640e+00 2.2715e+01 6.6427e+00 1.0009e+01 4.7328e+00
2.8184e+02 2.8184e+02 -9.0000e+00 4.0948e+01 9.8899e+00 3.8361e+01 9.6311e+00 2.4545e+01 6.7619e+00 2.4366e+01 6.7025e+00 7.0740e+00 2.6968e+00
2.8184e+02 2.8184e+02 -9.0000e+00 7.2777e+00 7.1169e+00 6.9679e+00 6.9795e+00 5.9813e+00 5.4711e+00 5.9122e+00 5.4348e+00 3.2550e+00 3.7903e+00
2.8184e+02 2.8184e+02 -9.0000e+00 1.7334e+01 6.0745e+00 1.7305e+01 5.4238e+00 1.8345e+01 5.5651e+00 1.8268e+01 5.3948e+00 7.2990e+00 4.1022e+00
2.8184e+02 2.8184e+02 -9.0000e+00 3.3617e+01 8.1833e+00 3.2113e+01 7.3362e+00 2.6483e+01 5.5935e+00 2.6325e+01 5.4257e+00 6.9849e+00 3.9087e+00
2.8184e+02 2.8184e+02 -9.0000e+00 3.1801e+01 7.2934e+00 3.1517e+01 6.9024e+00 3.0749e+01 6.7994e+00 3.0554e+01 6.7366e+00 3.9400e+00 4.1233e+00
2.8184e+02 2.8184e+02 -9.0000e+00 3.8979e+01 8.2440e+00 3.7256e+01 8.0987e+00 3.4191e+01 7.2993e+00 3.3990e+01 7.2090e+00 9.9049e-01 5.7275e+00
2.8184e+02 2.8184e+02 -9.0000e+00 7.5565e+01 7.2223e+00 7.4840e+01 7.0357e+00 6.8675e+01 5.6498e+00 7.0133e+01 5.5934e+00 2.3442e+01 3.7494e+00
2.8184e+02 2.8184e+02 -9.0000e+00 3.7308e+00 5.2357e+00 3.3927e+00 5.2107e+00 3.7507e+00 4.3468e+00 3.7830e+00 4.2100e+00 3.1668e+00 3.1711e+00
3.1623e+02 3.1623e+02 -1.0000e+01 5.4103e+00 7.5732e+00 5.1313e+00 7.1955e+00 4.4023e+00 6.2132e+00 4.3404e+00 6.1662e+00 3.1801e+00 4.9298e+00
3.1623e+02 3.1623e+02 -1.0000e+01 2.7354e+01 7.4458e+01 2.6639e+01 7.0900e+01 9.6226e+00 1.5359e+01 9.6035e+00 1.4998e+01 1.0162e+01 7.7404e+00
3.1623e+02 3.1623e+02 -1.0000e+01 4.6933e+00 7.4975e+00 3.9234e+00 7.0379e+00 2.4971e+00 7.1160e+00 2.0736e+00 6.9141e+00 2.6994e+00 6.0241e+00
3.1623e+02 3.1623e+02 -1.0000e+01 5.8377e+01 8.6254e+00 5.7441e+01 8.1883e+00 5.5703e+01 7.8247e+00 5.5572e+01 7.4173e+00 2.4769e+01 5.4866e+00
3.1623e+02 3.1623e+02 -1.0000e+01 4.8283e+00 7.5647e+00 4.3903e+00 7.0317e+00 2.2986e+00 7.3226e+00 2.1982e+00 7.0541e+00 1.9277e+00 5.3870e+00
3.1623e+02 3.1623e+02 -1.0000e+01 8.9449e+01 7.5824e+00 8.8092e+01 7.2675e+00 8.6334e+01 7.0864e+00 8.6062e+01 6.8793e+00 3.5428e+01 5.5062e+00
3.1623e+02 3.1623e+02 -1.0000e+01 4.7899e+00 5.6463e+00 3.9021e+00 5.3432e+00 4.3457e+00 4.9864e+00 4.3103e+00 4.6113e+00 4.2059e+00 3.5355e+00
3.1623e+02 3.1623e+02 -1.0000e+01 3.9091e+01 9.2339e+00 3.9164e+01 8.8496e+00 3.3536e+01 8.5721e+00 3.3279e+01 8.2875e+00 6.8026e+00 5.9440e+00
3.1623e+02 3.1623e+02 -1.0000e+01 7.5245e+01 1.2629e+01 7.5336e+01 1.2105e+01 6.9693e+01 1.1396e+01 7.1033e+01 1.0991e+01 2.3361e+01 8.4508e+00
3.1623e+02 3.1623e+02 -1.0000e+01 8.5533e+00 8.6933e+00 8.2678e+00 8.3687e+00 8.2063e+00 6.0479e+00 8.0842e+00 5.9767e+00 4.1052e+00 4.5397e+00
3.5481e+02 3.5481e+02 -1.1000e+01 1.0589e+02 9.5464e+00 1.0443e+02 8.8454e+00 1.0491e+02 8.2260e+00 1.0436e+02 8.0353e+00 4.5059e+01 6.0148e+00
3.5481e+02 3.5481e+02 -1.1000e+01 6.0661e+01 1.8248e+01 5.7050e+01 1.7224e+01 4.6272e+01 1.5169e+01 4.5960e+01 1.5059e+01 1.0629e+01 1.0417e+01
3.5481e+02 3.5481e+02 -1.1000e+01 3.9265e+00 1.1701e+01 3.8188e+00 1.1517e+01 3.5048e+00 1.1633e+01 3.3646e+00 1.1574e+01 3.7593e+00 7.1073e+00
3.5481e+02 3.5481e+02 -1.1000e+01 2.6639e+01 1.1957e+01 2.5767e+01 1.2610e+01 1.0014e+01 7.1036e+00 9.7903e+00 6.9257e+00 1.2546e+00 4.6723e+00
3.5481e+02 3.5481e+02 -1.1000e+01 6.8473e+00 9.0054e+00 5.6419e+00 8.5454e+00 6.3314e+00 8.7629e+00 6.2072e+00 8.4357e+00 5.0217e+00 7.0028e+00
3.5481e+02 3.5481e+02 -1.1000e+01 1.9668e+01 1.2279e+01 1.6825e+01 1.2148e+01 8.5769e+00 8.4987e+00 8.5193e+00 8.4528e+00 4.5154e+00 6.9696e+00
3.5481e+02 3.5481e+02 -1.1000e+01 1.8990e+01 7.0658e+00 1.8895e+01 6.7947e+00 1.9134e+01 5.7821e+00 1.9068e+01 5.6693e+00 7.0657e+00 4.7041e+00
3.5481e+02 3.5481e+02 -1.1000e+01 7.8439e+01 1.1647e+01 7.7015e+01 1.1410e+01 7.7101e+01 1.6516e+01 7.6525e+01 1.6454e+01 2.2766e+01 9.7699e+00
3.5481e+02 3.5481e+02 -1.1000e+01 6.7913e+00 1.1694e+01 6.5722e+00 1.1466e+01 4.7300e+00 1.1056e+01 5.0840e+00 1.0977e+01 4.5396e+00 9.1229e+00
3.5481e+02 3.5481e+02 -1.1000e+01 7.6310e+01 1.4018e+01 7.5628e+01 1.3878e+01 7.6194e+01 1.3553e+01 7.6027e+01 1.3479e+01 2.5059e+01 7.0150e+00
3.9811e+02 3.9811e+02 -1.2000e+01 9.8458e+01 1.6829e+01 9.7270e+01 1.6457e+01 4.8136e+01 6.9645e+00 4.7818e+01 6.2704e+00 1.2394e+01 6.9972e+00
3.9811e+02 3.9811e+02 -1.2000e+01 5.1023e+00 8.8994e+00 4.4857e+00 8.5904e+00 4.2289e+00 7.6867e+00 4.1110e+00 7.6220e+00 4.0181e+00 7.3088e+00
3.9811e+02 3.9811e+02 -1.2000e+01 4.3133e+01 1.2349e+01 4.2350e+01 1.2222e+01 3.7989e+01 1.1488e+01 3.7931e+01 1.1443e+01 1.1205e+01 8.4665e+00
3.9811e+02 3.9811e+02 -1.2000e+01 5.1183e+00 1.0202e+01 4.4828e+00 9.9626e+00 3.0220e+00 9.3842e+00 2.7136e+00 9.3117e+00 3.2460e+00 9.2579e+00
3.9811e+02 3.9811e+02 -1.2000e+01 9.9685e+00 2.0364e+01 9.2054e+00 1.8000e+01 3.4567e+00 8.7091e+00 3.1461e+00 8.5901e+00 3.7694e+00 5.9599e+00
3.9811e+02 3.9811e+02 -1.2000e+01 2.3759e+01 9.7652e+00 2.3511e+01 9.3747e+00 1.8800e+01 8.9771e+00 1.8599e+01 8.8858e+00 1.1892e+00 7.6844e+00
3.9811e+02 3.9811e+02 -1.2000e+01 4.5523e+00 1.2176e+01 4.0319e+00 1.1918e+01 4.1918e+00 1.2028e+01 3.9284e+00 1.1914e+01 3.7410e+00 1.0048e+01
3.9811e+02 3.9811e+02 -1.2000e+01 6.3934e+00 1.0175e+01 6.0791e+00 1.0595e+01 5.0285e+00 8.9489e+00 5.0575e+00 8.8119e+00 3.7933e+00 5.7339e+00
3.9811e+02 3.9811e+02 -1.2000e+01 1.2595e+01 8.0074e+00 1.2130e+01 7.5284e+00 1.0881e+01 7.5100e+00 1.0823e+01 7.4168e+00 6.0915e+00 6.6226e+00
3.9811e+02 3.9811e+02 -1.2000e+01 7.8638e+01 1.1332e+01 7.6788e+01 1.0538e+01 6.7042e+01 7.6501e+00 6.6834e+01 6.8204e+00 1.2597e+01 6.6983e+00
4.4668e+02 4.4668e+02 -1.3000e+01 2.2137e+01 9.2792e+00 2.2049e+01 8.7583e+00 1.0100e+01 8.7173e+00 9.9831e+00 8.5764e+00 2.3791e+00 1.0574e+01
4.4668e+02 4.4668e+02 -1.3000e+01 1.8795e+01 1.4110e+01 1.8612e+01 1.3694e+01 9.5512e+00 1.0072e+01 9.4979e+00 9.7929e+00 5.3498e+00 8.8841e+00
4.4668e+02 4.4668e+02 -1.3000e+01 5.5231e+00 1.6260e+01 5.4748e+00 1.6252e+01 4.6973e+00 1.4723e+01 4.5495e+00 1.4687e+01 3.6475e+00 1.1071e+01
4.4668e+02 4.4668e+02 -1.3000e+01 5.3158e+01 1.7793e+01 5.2769e+01 1.7606e+01 4.5341e+01 1.3527e+01 4.5050e+01 1.3492e+01 1.1543e+01 8.7378e+00
4.4668e+02 4.4668e+02 -1.3000e+01 7.7331e+01 1.2099e+01 7.7040e+01 1.1899e+01 7.1717e+01 1.0852e+01 7.3173e+01 1.0818e+01 1.7449e+01 7.9216e+00
4.4668e+02 4.4668e+02 -1.3000e+01 5.1953e+00 1.5370e+01 4.0902e+00 1.5196e+01 4.2212e+00 1.3852e+01 4.1194e+00 1.3824e+01 4.9149e+00 1.1445e+01
4.4668e+02 4.4668e+02 -1.3000e+01 1.2324e+02 2.3336e+01 1.2133e+02 2.2902e+01 8.8624e+01 1.2777e+01 8.8566e+01 1.2735e+01 3.9451e+01 1.2932e+01
4.4668e+02 4.4668e+02 -1.3000e+01 7.8164e+00 1.6811e+01 7.3729e+00 1.6477e+01 5.4925e+00 1.4889e+01 5.4301e+00 1.4845e+01 5.1705e+00 1.1034e+01
4.4668e+02 4.4668e+02 -1.3000e+01 1.4410e+01 1.1848e+01 1.3657e+01 1.1263e+01 4.1175e+00 1.1254e+01 3.9428e+00 1.1184e+01 3.0871e+00 1.1414e+01
4.4668e+02 4.4668e+02 -1.3000e+01 1.8890e+02 1.8081e+01 1.8742e+02 1.4977e+01 1.8166e+02 1.7834e+01 1.8117e+02 1.6801e+01 1.0897e+02 1.5812e+01
5.0119e+02 5.0119e+02 -1.4000e+01 5.5658e+01 2.1547e+01 5.4900e+01 2.1331e+01 5.2713e+01 1.8511e+01 5.1974e+01 1.8420e+01 1.5346e+01 1.1435e+01
5.0119e+02 5.0119e+02 -1.4000e+01 1.0994e+02 1.5394e+01 1.0750e+02 1.5057e+01 9.7558e+01 1.3890e+01 9.7147e+01 1.3829e+01 1.8811e+01 9.2803e+00
5.0119e+02 5.0119e+02 -1.4000e+01 7.0477e+00 1.5526e+01 6.1280e+00 1.5186e+01 3.3574e+00 1.0457e+01 2.4230e+00 1.0404e+01 4.5239e+00 1.0494e+01
5.0119e+02 5.0119e+02 -1.4000e+01 5.2871e+00 1.2339e+01 4.4098e+00 1.1587e+01 4.6625e+00 1.1579e+01 4.5274e+00 1.1209e+01 3.6216e+00 1.1530e+01
5.0119e+02 5.0119e+02 -1.4000e+01 1.7864e+01 1.5188e+01 1.6917e+01 1.4947e+01 9.6301e+00 1.4093e+01 9.5899e+00 1.4012e+01 5.8647e+00 1.2185e+01
5.0119e+02 5.0119e+02 -1.4000e+01 7.0997e+00 1.7527e+01 6.7059e+00 1.7441e+01 4.3541e+00 1.5873e+01 4.2431e+00 1.5790e+01 4.4378e+00 1.2418e+01
5.0119e+02 5.0119e+02 -1.4000e+01 2.2870e+01 1.2089e+01 2.2557e+01 1.1629e+01 1.8342e+01 1.0724e+01 1.8154e+01 1.0469e+01 1.6859e+00 1.0684e+01
5.0119e+02 5.0119e+02 -1.4000e+01 8.1687e+00 1.6212e+01 7.3516e+00 1.5917e+01 4.9832e+00 1.4391e+01 4.7984e+00 1.4375e+01 4.7028e+00 1.3000e+01
5.0119e+02 5.0119e+02 -1.4000e+01 7.6010e+00 1.2480e+01 7.2573e+00 1.1958e+01 4.7971e+00 1.1629e+01 4.6674e+00 1.1381e+01 4.6955e+00 1.1198e+01
5.0119e+02 5.0119e+02 -1.4000e+01 7.5323e+01 2.1145e+01 7.3568e+01 2.0759e+01 6.2553e+01 1.6201e+01 6.2218e+01 1.6034e+01 1.2350e+01 1.3265e+01
5.6234e+02 5.6234e+02 -1.5000e+01 7.6680e+00 1.5450e+01 7.2243e+00 1.5171e+01 5.5208e+00 1.2665e+01 5.1879e+00 1.2544e+01 4.6013e+00 1.1725e+01
5.6234e+02 5.6234e+02 -1.5000e+01 5.8829e+00 1.6844e+01 5.4140e+00 1.6096e+01 4.0992e+00 1.3945e+01 4.0098e+00 1.3901e+01 4.7926e+00 1.4032e+01
5.6234e+02 5.6234e+02 -1.5000e+01 2.4119e+01 1.3982e+01 2.4203e+01 1.3088e+01 1.5554e+01 1.2496e+01 1.5579e+01 1.2424e+01 6.8227e+00 1.3875e+01
5.6234e+02 5.6234e+02 -1.5000e+01 2.2357e+01 2.0079e+01 2.1936e+01 1.9882e+01 1.7356e+01 1.8846e+01 1.7207e+01 1.8777e+01 9.6660e+00 1.4511e+01
5.6234e+02 5.6234e+02 -1.5000e+01 7.0266e+00 1.8332e+01 6.1651e+00 1.8137e+01 4.9989e+00 1.7527e+01 4.8820e+00 1.7518e+01 4.6132e+00 1.5255e+01
5.6234e+02 5.6234e+02 -1.5000e+01 6.2676e+01 1.7491e+01 5.9931e+01 1.7319e+01 1.8313e+01 1.5761e+01 1.7806e+01 1.5638e+01 3.0932e+00 1.2188e+01
5.6234e+02 5.6234e+02 -1.5000e+01 1.3379e+02 2.6284e+01 1.3118e+02 2.5926e+01 1.2928e+02 2.8718e+01 1.2871e+02 2.8695e+01 4.7097e+01 2.3114e+01
5.6234e+02 5.6234e+02 -1.5000e+01 8.9711e+01 1.7449e+01 8.9486e+01 1.6751e+01 8.9226e+01 1.4087e+01 8.9187e+01 1.4043e+01 3.3266e+01 1.0809e+01
5.6234e+02 5.6234e+02 -1.5000e+01 8.2259e+00 1.8261e+01 8.0230e+00 1.7986e+01 7.0969e+00 1.8189e+01 7.1420e+00 1.8084e+01 6.0932e+00 1.3603e+01
5.6234e+02 5.6234e+02 -1.5000e+01 2.4945e+01 1.5377e+01 2.4314e+01 1.4783e+01 1.4934e+01 1.3751e+01 1.4767e+01 1.3680e+01 7.1432e+00 1.2749e+01
6.3096e+02 6.3096e+02 -1.6000e+01 9.5066e+01 5.6443e+01 9.4513e+01 5.6243e+01 3.4895e+01 2.7904e+01 3.4427e+01 2.7307e+01 2.5395e+01 2.5048e+01
6.3096e+02 6.3096e+02 -1.6000e+01 5.5453e+00 1.6637e+01 4.5011e+00 1.6527e+01 4.7518e+00 1.6144e+01 4.4027e+00 1.6097e+01 4.6616e+00 1.3521e+01
6.3096e+02 6.3096e+02 -1.6000e+01 3.0334e+01 2.4491e+01 2.7750e+01 2.4257e+01 2.0417e+01 2.1057e+01 2.0071e+01 2.0970e+01 1.0144e+01 1.6633e+01
6.3096e+02 6.3096e+02 -1.6000e+01 6.4925e+01 1.9737e+01 6.4046e+01 1.9578e+01 6.2238e+01 1.9071e+01 6.1663e+01 1.8990e+01 4.0640e+00 1.8370e+01
6.3096e+02 6.3096e+02 -1.6000e+01 4.9628e+01 1.6827e+01 4.8878e+01 1.5680e+01 3.2608e+01 9.5105e+00 3.2163e+01 9.2035e+00 4.9984e+00 1.2347e+01
6.3096e+02 6.3096e+02 -1.6000e+01 1.4446e+01 1.9529e+01 1.4252e+01 1.9232e+01 8.9805e+00 1.8709e+01 8.6764e+00 1.8615e+01 3.5166e+00 1.6535e+01
6.3096e+02 6.3096e+02 -1.6000e+01 1.3355e+02 1.9546e+01 1.3214e+02 1.9257e+01 1.2479e+02 1.8580e+01 1.2448e+02 1.8436e+01 4.2368e+01 1.2692e+01
6.3096e+02 6.3096e+02 -1.6000e+01 7.9078e+00 1.4909e+01 7.3067e+00 1.4373e+01 6.6162e+00 1.5088e+01 6.4930e+00 1.5027e+01 6.6996e+00 1.3453e+01
6.3096e+02 6.3096e+02 -1.6000e+01 7.1711e+01 2.0071e+01 6.8316e+01 1.8448e+01 1.3899e+01 1.6416e+01 1.3077e+01 1.6222e+01 3.3887e+00 1.1079e+01
6.3096e+02 6.3096e+02 -1.6000e+01 8.4381e+00 1.6155e+01 7.5963e+00 1.5750e+01 4.9257e+00 1.4071e+01 4.5352e+00 1.3852e+01 4.8414e+00 1.3145e+01
7.0795e+02 7.0795e+02 -1.7000e+01 9.1339e+00 1.8045e+01 8.6257e+00 1.7502e+01 5.9429e+00 1.7718e+01 5.6547e+00 1.7533e+01 5.6344e+00 1.8824e+01
7.0795e+02 7.0795e+02 -1.7000e+01 6.7684e+01 2.1097e+01 6.7314e+01 2.0823e+01 5.0412e+01 2.0279e+01 4.9636e+01 2.0179e+01 2.7927e+00 1.7180e+01
7.0795e+02 7.0795e+02 -1.7000e+01 2.1816e+01 2.3891e+01 2.2152e+01 2.3624e+01 1.3388e+01 1.6283e+01 1.3213e+01 1.6021e+01 2.4877e+00 2.3315e+01
7.0795e+02 7.0795e+02 -1.7000e+01 6.7012e+00 1.6973e+01 6.1060e+00 1.5686e+01 4.8885e+00 1.6450e+01 4.4662e+00 1.6259e+01 4.8000e+00 1.7399e+01
7.0795e+02 7.0795e+02 -1.7000e+01 1.2396e+01 2.6724e+01 1.2230e+01 2.6687e+01 7.2810e+00 2.3716e+01 7.1258e+00 2.3680e+01 7.2655e+00 1.9086e+01
7.0795e+02 7.0795e+02 -1.7000e+01 9.4571e+00 1.6793e+01 9.0491e+00 1.5692e+01 6.6782e+00 1.4518e+01 6.5370e+00 1.4166e+01 7.6587e+00 1.4647e+01
7.0795e+02 7.0795e+02 -1.7000e+01 7.8832e+00 1.7499e+01 6.8912e+00 1.7248e+01 5.0971e+00 1.5743e+01 4.6398e+00 1.5564e+01 5.1692e+00 1.5978e+01
7.0795e+02 7.0795e+02 -1.7000e+01 5.4684e+00 1.7092e+01 4.6895e+00 1.6683e+01 5.4342e+00 1.7091e+01 5.2744e+00 1.7033e+01 5.3214e+00 1.7233e+01
7.0795e+02 7.0795e+02 -1.7000e+01 1.8068e+02 3.8619e+01 1.7956e+02 3.8410e+01 1.7405e+02 4.2772e+01 1.7363e+02 4.2679e+01 5.5951e+01 3.2814e+01
7.0795e+02 7.0795e+02 -1.7000e+01 6.6866e+01 2.1405e+01 6.6357e+01 2.1103e+01 4.7806e+01 1.9971e+01 4.7600e+01 1.9960e+01 1.8915e+01 1.8323e+01
7.9433e+02 7.9433e+02 -1.8000e+01 1.5715e+02 3.6067e+01 1.5576e+02 3.5423e+01 1.3057e+02 2.5917e+01 1.3022e+02 2.5740e+01 3.7672e+01 2.3516e+01
7.9433e+02 7.9433e+02 -1.8000e+01 1.1174e+01 2.3739e+01 1.0959e+01 2.3350e+01 7.6042e+00 2.0507e+01 7.4465e+00 2.0493e+01 7.2451e+00 1.9231e+01
7.9433e+02 7.9433e+02 -1.8000e+01 7.0631e+00 2.1869e+01 6.1690e+00 2.1245e+01 5.0411e+00 1.8860e+01 4.4358e+00 1.8609e+01 5.2350e+00 2.0000e+01
7.9433e+02 7.9433e+02 -1.8000e+01 7.9380e+01 2.4571e+01 7.8765e+01 2.3165e+01 4.7209e+01 2.2516e+01 4.6953e+01 2.2104e+01 1.2661e+01 1.9564e+01
7.9433e+02 7.9433e+02 -1.8000e+01 1.9351e+01 2.1538e+01 1.9158e+01 2.0399e+01 1.5990e+01 2.1155e+01 1.6034e+01 2.0997e+01 1.1247e+01 1.9125e+01
7.9433e+02 7.9433e+02 -1.8000e+01 1.4932e+02 3.0147e+01 1.4728e+02 2.9647e+01 3.9816e+01 7.6382e+01 3.9683e+01 7.3260e+01 1.6801e+01 2.1099e+01
7.9433e+02 7.9433e+02 -1.8000e+01 9.1422e+00 3.3873e+01 8.5593e+00 3.2696e+01 3.3046e+00 1.8569e+01 2.4348e+00 1.8333e+01 4.0800e+00 1.7805e+01
7.9433e+02 7.9433e+02 -1.8000e+01 1.5334e+02 3.5919e+01 1.4907e+02 3.5751e+01 1.0152e+01 3.9939e+01 9.6758e+00 3.9463e+01 4.0110e+00 2.2273e+01
7.9433e+02 7.9433e+02 -1.8000e+01 6.6693e+00 2.4023e+01 5.9659e+00 2.3829e+01 6.0509e+00 2.1316e+01 5.7092e+00 2.1081e+01 5.3745e+00 2.0865e+01
7.9433e+02 7.9433e+02 -1.8000e+01 1.1383e+01 2.0263e+01 1.1525e+01 1.9755e+01 1.0550e+01 1.9810e+01 1.0269e+01 1.9699e+01 8.9853e+00 1.7584e+01
8.9125e+02 8.9125e+02 -1.9000e+01 1.7398e+02 3.9137e+01 1.7142e+02 3.7686e+01 1.4952e+02 2.9422e+01 1.4923e+02 2.9327e+01 3.8245e+01 2.3855e+01
8.9125e+02 8.9125e+02 -1.9000e+01 2.7670e+01 3.2750e+01 2.6445e+01 3.2087e+01 4.6567e+00 3.1464e+01 3.9896e+00 3.1419e+01 3.3599e+00 3.2997e+01
8.9125e+02 8.9125e+02 -1.9000e+01 1.0803e+02 1.9478e+01 1.0619e+02 1.8824e+01 8.1455e+01 1.6022e+01 8.1803e+01 1.5646e+01 1.0560e+01 1.6187e+01
8.9125e+02 8.9125e+02 -1.9000e+01 1.5094e+02 8.4602e+01 1.5012e+02 8.4217e+01 9.6991e+01 3.3173e+01 9.6331e+01 3.3081e+01 2.0793e+01 3.6599e+01
8.9125e+02 8.9125e+02 -1.9000e+01 1.0740e+02 3.8428e+01 1.0582e+02 3.7944e+01 1.0090e+02 3.9290e+01 1.0076e+02 3.9138e+01 3.2207e+01 3.3195e+01
8.9125e+02 8.9125e+02 -1.9000e+01 1.4075e+01 2.5687e+01 1.2669e+01 2.5354e+01 8.7130e+00 2.5015e+01 8.3536e+00 2.4894e+01 7.3296e+00 2.6460e+01
8.9125e+02 8.9125e+02 -1.9000e+01 1.9961e+02 5.7727e+01 2.0039e+02 5.7364e+01 1.5216e+02 1.9579e+01 1.5028e+02 1.9506e+01 5.3088e+01 2.0895e+01
8.9125e+02 8.9125e+02 -1.9000e+01 7.0497e+01 4.7349e+01 6.7893e+01 4.6991e+01 3.7587e+01 2.4537e+01 3.7573e+01 2.4454e+01 1.6042e+01 2.4311e+01
8.9125e+02 8.9125e+02 -1.9000e+01 1.0966e+01 2.6976e+01 1.0878e+01 2.5952e+01 8.9957e+00 2.5801e+01 8.8406e+00 2.5706e+01 8.2521e+00 2.7910e+01
8.9125e+02 8.9125e+02 -1.9000e+01 7.8162e+01 3.0618e+01 7.9313e+01 3.0207e+01 6.1217e+01 2.4017e+01 6.0875e+01 2.3833e+01 7.0256e+00 2.2644e+01
1.0000e+03 1.0000e+03 -2.0000e+01 4.6815e+01 3.3533e+01 4.4208e+01 3.2492e+01 2.2593e+01 2.4244e+01 2.2522e+01 2.3739e+01 1.3316e+01 2.7682e+01
1.0000e+03 1.0000e+03 -2.0000e+01 4.1678e+01 2.8746e+01 4.0194e+01 2.8373e+01 1.8166e+01 2.2227e+01 1.7804e+01 2.2108e+01 5.3814e+00 2.1957e+01
1.0000e+03 1.0000e+03 -2.0000e+01 1.5794e+02 5.5394e+01 1.5567e+02 5.6549e+01 4.4626e+01 4.9017e+01 4.4533e+01 4.8345e+01 2.8063e+00 3.1194e+01
1.0000e+03 1.0000e+03 -2.0000e+01 1.3075e+02 3.8973e+01 1.2950e+02 3.7812e+01 1.0025e+02 3.4811e+01 9.9342e+01 3.4168e+01 1.2226e+01 2.9550e+01
1.0000e+03 1.0000e+03 -2.0000e+01 8.9751e+00 2.7990e+01 8.2896e+00 2.7754e+01 6.1231e+00 2.6679e+01 5.6202e+00 2.6631e+01 6.5572e+00 2.4575e+01
1.0000e+03 1.0000e+03 -2.0000e+01 1.6648e+01 3.0603e+01 1.6192e+01 3.0012e+01 6.5280e+00 2.3426e+01 5.5492e+00 2.3360e+01 7.3056e+00 2.3992e+01
1.0000e+03 1.0000e+03 -2.0000e+01 2.4134e+02 3.6249e+01 2.4003e+02 3.4545e+01 1.8371e+02 2.8073e+01 1.8347e+02 2.7985e+01 6.8594e+01 2.4364e+01
1.0000e+03 1.0000e+03 -2.0000e+01 4.6022e+01 3.6926e+01 4.5605e+01 3.6053e+01 3.2800e+01 3.7813e+01 3.2829e+01 3.7798e+01 1.7498e+01 3.6259e+01
1.0000e+03 1.0000e+03 -2.0000e+01 9.6920e+00 3.7633e+01 8.8287e+00 3.7161e+01 8.2969e+00 3.6623e+01 8.1013e+00 3.6439e+01 7.5238e+00 3.1082e+01
1.0000e+03 1.0000e+03 -2.0000e+01 2.2524e+01 3.9822e+01 2.2192e+01 3.9421e+01 1.0343e+01 3.6589e+01 1.0230e+01 3.6574e+01 1.1084e+01 3.6338e+01
