# noise_perc_th noise_perc SNR_dB Param_f1 Param_f2 SR_f1 SR_f2 SR_CC_f1 SR_CC_f2
1.0000e+00 1.0000e+00 4.0000e+01 2.8570e-01 2.9799e-02 4.5874e-01 7.9874e-02 1.2901e-01 3.3196e-02
1.0000e+00 1.0000e+00 4.0000e+01 2.5143e-01 3.1523e-02 4.5434e-01 8.0004e-02 2.2154e-01 3.6815e-02
1.0000e+00 1.0000e+00 4.0000e+01 2.3608e-01 3.4742e-02 4.5867e-01 7.9523e-02 2.0576e-01 3.9822e-02
1.0000e+00 1.0000e+00 4.0000e+01 2.4888e-01 3.3321e-02 4.5640e-01 7.9441e-02 2.1638e-01 3.8430e-02
1.0000e+00 1.0000e+00 4.0000e+01 2.7664e-01 3.3922e-02 4.5490e-01 7.9248e-02 2.3684e-01 2.9891e-02
1.0000e+00 1.0000e+00 4.0000e+01 2.7932e-01 2.3742e-02 1.0000e+06 1.0000e+06 4.0427e-01 2.7732e-02
1.0000e+00 1.0000e+00 4.0000e+01 2.7634e-01 3.1493e-02 4.5746e-01 7.8905e-02 4.0436e-01 3.0164e-02
1.0000e+00 1.0000e+00 4.0000e+01 2.6182e-01 3.6920e-02 4.5679e-01 7.8475e-02 2.2485e-01 2.8837e-02
1.0000e+00 1.0000e+00 4.0000e+01 2.5914e-01 3.6463e-02 4.5611e-01 7.8626e-02 2.2119e-01 3.9725e-02
1.0000e+00 1.0000e+00 4.0000e+01 2.8502e-01 2.7429e-02 4.5800e-01 7.7384e-02 2.4702e-01 3.3070e-02
1.1220e+00 1.1220e+00 3.9000e+01 2.7112e-01 3.1248e-02 4.5714e-01 7.5806e-02 2.3436e-01 3.5209e-02
1.1220e+00 1.1220e+00 3.9000e+01 2.4925e-01 2.7683e-02 1.0000e+06 1.0000e+06 2.1550e-01 3.1599e-02
1.1220e+00 1.1220e+00 3.9000e+01 2.4509e-01 3.0158e-02 1.0000e+06 1.0000e+06 2.1304e-01 3.4805e-02
1.1220e+00 1.1220e+00 3.9000e+01 2.5759e-01 3.6052e-02 4.5473e-01 7.9107e-02 2.1825e-01 4.0227e-02
1.1220e+00 1.1220e+00 3.9000e+01 2.7380e-01 3.3577e-02 4.5607e-01 7.9285e-02 2.3433e-01 3.8557e-02
1.1220e+00 1.1220e+00 3.9000e+01 2.5975e-01 4.0070e-02 4.6021e-01 7.6959e-02 2.2739e-01 4.3412e-02
1.1220e+00 1.1220e+00 3.9000e+01 2.8792e-01 3.7509e-02 2.1029e-01 4.3240e-02 1.5532e-01 4.1377e-02
1.1220e+00 1.1220e+00 3.9000e+01 2.7016e-01 2.1369e-02 1.8693e-01 2.4302e-02 2.3218e-01 2.7462e-02
1.1220e+00 1.1220e+00 3.9000e+01 2.7820e-01 3.4870e-02 4.5905e-01 8.0412e-02 2.3999e-01 3.6643e-02
1.1220e+00 1.1220e+00 3.9000e+01 2.6593e-01 3.1748e-02 4.5934e-01 7.8674e-02 4.0492e-01 2.9761e-02
1.2589e+00 1.2589e+00 3.8000e+01 3.0417e-01 3.5572e-02 1.0000e+06 1.0000e+06 4.0373e-01 2.9511e-02
1.2589e+00 1.2589e+00 3.8000e+01 2.7194e-01 2.4908e-02 4.5473e-01 8.0542e-02 1.8609e-01 2.9775e-02
1.2589e+00 1.2589e+00 3.8000e+01 2.9253e-01 2.8731e-02 4.5797e-01 7.8663e-02 4.0278e-01 2.9686e-02
1.2589e+00 1.2589e+00 3.8000e+01 2.8890e-01 2.6637e-02 4.5436e-01 8.1607e-02 4.0239e-01 2.9732e-02
1.2589e+00 1.2589e+00 3.8000e+01 2.6184e-01 1.5851e-02 4.5740e-01 7.9807e-02 2.2931e-01 2.5509e-02
1.2589e+00 1.2589e+00 3.8000e+01 2.9465e-01 3.5962e-02 4.5570e-01 7.8962e-02 4.0265e-01 2.9664e-02
1.2589e+00 1.2589e+00 3.8000e+01 2.6360e-01 3.1341e-02 4.0232e-01 3.2782e-02 2.2223e-01 3.3524e-02
1.2589e+00 1.2589e+00 3.8000e+01 2.6010e-01 2.6693e-02 4.0448e-01 2.6914e-02 1.3871e-01 3.0585e-02
1.2589e+00 1.2589e+00 3.8000e+01 2.7897e-01 3.8688e-02 4.5493e-01 8.2539e-02 2.5604e-01 3.7796e-02
1.2589e+00 1.2589e+00 3.8000e+01 2.6732e-01 2.8353e-02 4.5611e-01 7.8787e-02 4.0449e-01 3.3557e-02
1.4125e+00 1.4125e+00 3.7000e+01 2.8728e-01 2.7466e-02 4.5442e-01 7.8467e-02 4.0251e-01 3.0120e-02
1.4125e+00 1.4125e+00 3.7000e+01 2.6611e-01 2.9860e-02 4.0415e-01 3.0295e-02 2.6343e-01 3.0312e-02
1.4125e+00 1.4125e+00 3.7000e+01 2.6947e-01 3.9639e-02 4.6027e-01 8.3448e-02 2.3519e-01 3.1633e-02
1.4125e+00 1.4125e+00 3.7000e+01 2.7399e-01 2.6031e-02 4.5314e-01 7.6306e-02 4.0221e-01 2.7645e-02
1.4125e+00 1.4125e+00 3.7000e+01 2.9098e-01 3.0055e-02 4.6249e-01 7.8493e-02 2.5653e-01 2.9717e-02
1.4125e+00 1.4125e+00 3.7000e+01 3.0297e-01 2.5183e-02 4.5659e-01 7.5287e-02 1.7535e-01 2.7291e-02
1.4125e+00 1.4125e+00 3.7000e+01 2.9096e-01 2.9625e-02 4.5814e-01 7.8250e-02 4.0426e-01 2.8963e-02
1.4125e+00 1.4125e+00 3.7000e+01 2.6969e-01 3.2926e-02 4.5320e-01 8.2051e-02 1.5729e-01 3.2047e-02
1.4125e+00 1.4125e+00 3.7000e+01 2.8427e-01 2.7509e-02 4.0427e-01 2.9697e-02 1.9440e-01 2.9753e-02
1.4125e+00 1.4125e+00 3.7000e+01 3.0388e-01 3.3454e-02 4.5625e-01 8.0875e-02 4.0416e-01 3.1894e-02
1.5849e+00 1.5849e+00 3.6000e+01 2.6094e-01 3.0815e-02 4.5882e-01 7.7743e-02 2.2775e-01 3.5151e-02
1.5849e+00 1.5849e+00 3.6000e+01 2.8158e-01 2.6317e-02 4.5615e-01 8.0397e-02 4.0241e-01 3.0634e-02
1.5849e+00 1.5849e+00 3.6000e+01 3.2226e-01 2.8253e-02 1.0000e+06 1.0000e+06 3.0850e-01 2.7136e-02
1.5849e+00 1.5849e+00 3.6000e+01 2.6437e-01 3.3844e-02 4.5552e-01 7.5937e-02 4.0287e-01 2.8277e-02
1.5849e+00 1.5849e+00 3.6000e+01 3.2274e-01 3.0063e-02 4.5831e-01 7.7521e-02 4.0345e-01 2.8761e-02
1.5849e+00 1.5849e+00 3.6000e+01 2.9478e-01 3.3729e-02 4.5067e-01 8.0833e-02 4.0440e-01 3.0488e-02
1.5849e+00 1.5849e+00 3.6000e+01 2.9044e-01 2.5394e-02 4.6005e-01 7.9711e-02 4.0322e-01 3.0152e-02
1.5849e+00 1.5849e+00 3.6000e+01 2.8302e-01 3.6335e-02 4.5454e-01 8.2325e-02 4.0401e-01 3.2020e-02
1.5849e+00 1.5849e+00 3.6000e+01 2.9660e-01 2.6575e-02 4.5317e-01 7.8063e-02 4.0402e-01 3.5912e-02
1.5849e+00 1.5849e+00 3.6000e+01 2.8306e-01 2.8483e-02 4.5187e-01 7.9617e-02 4.0284e-01 3.0588e-02
1.7783e+00 1.7783e+00 3.5000e+01 2.8559e-01 3.2579e-02 4.4884e-01 7.7698e-02 4.0153e-01 2.8427e-02
1.7783e+00 1.7783e+00 3.5000e+01 2.9027e-01 3.3846e-02 4.5179e-01 8.1700e-02 2.5483e-01 3.3145e-02
1.7783e+00 1.7783e+00 3.5000e+01 2.6766e-01 3.9371e-02 4.5975e-01 8.3094e-02 2.4365e-01 3.2900e-02
1.7783e+00 1.7783e+00 3.5000e+01 2.8851e-01 3.4521e-02 4.5742e-01 7.7155e-02 4.0292e-01 2.9038e-02
1.7783e+00 1.7783e+00 3.5000e+01 2.8115e-01 3.1152e-02 4.6011e-01 7.9494e-02 2.5316e-01 3.2548e-02
1.7783e+00 1.7783e+00 3.5000e+01 2.9442e-01 3.6726e-02 2.1395e-01 3.7348e-02 4.0397e-01 3.0473e-02
1.7783e+00 1.7783e+00 3.5000e+01 2.8396e-01 3.1259e-02 4.5705e-01 7.7744e-02 4.0231e-01 2.9699e-02
1.7783e+00 1.7783e+00 3.5000e+01 2.7560e-01 1.5290e-02 1.0000e+06 1.0000e+06 1.6416e-01 2.8321e-02
1.7783e+00 1.7783e+00 3.5000e+01 3.2479e-01 2.5698e-02 1.0000e+06 1.0000e+06 4.0322e-01 2.8080e-02
1.7783e+00 1.7783e+00 3.5000e+01 2.8564e-01 3.7480e-02 4.5206e-01 8.2087e-02 2.4709e-01 3.1416e-02
1.9953e+00 1.9953e+00 3.4000e+01 3.0516e-01 2.8864e-02 4.5585e-01 7.9268e-02 4.0147e-01 3.1022e-02
1.9953e+00 1.9953e+00 3.4000e+01 3.2562e-01 3.2452e-02 4.5221e-01 8.2557e-02 4.0313e-01 3.3086e-02
1.9953e+00 1.9953e+00 3.4000e+01 3.0448e-01 2.8346e-02 4.5297e-01 7.8015e-02 4.0242e-01 2.8924e-02
1.9953e+00 1.9953e+00 3.4000e+01 3.1964e-01 2.9531e-02 4.0380e-01 2.7718e-02 4.0380e-01 2.7702e-02
1.9953e+00 1.9953e+00 3.4000e+01 3.0502e-01 2.9460e-02 4.5908e-01 7.9046e-02 4.0355e-01 2.9131e-02
1.9953e+00 1.9953e+00 3.4000e+01 2.8006e-01 2.7829e-02 4.5210e-01 8.1269e-02 4.0199e-01 3.2692e-02
1.9953e+00 1.9953e+00 3.4000e+01 2.9023e-01 3.9873e-02 4.0104e-01 3.2529e-02 4.0104e-01 3.2570e-02
1.9953e+00 1.9953e+00 3.4000e+01 2.6745e-01 4.3640e-02 4.5499e-01 7.7877e-02 3.1653e-01 3.6910e-02
1.9953e+00 1.9953e+00 3.4000e+01 2.8187e-01 2.9251e-02 4.5299e-01 7.7570e-02 4.0284e-01 3.1456e-02
1.9953e+00 1.9953e+00 3.4000e+01 3.1911e-01 3.4856e-02 4.5283e-01 8.2300e-02 4.0433e-01 3.2058e-02
2.2387e+00 2.2387e+00 3.3000e+01 2.9633e-01 2.6358e-02 4.5263e-01 8.0196e-02 4.0333e-01 3.1585e-02
2.2387e+00 2.2387e+00 3.3000e+01 3.0945e-01 3.5431e-02 4.0217e-01 3.1229e-02 4.0217e-01 3.1227e-02
2.2387e+00 2.2387e+00 3.3000e+01 2.9913e-01 3.6879e-02 4.5556e-01 7.9721e-02 4.0213e-01 3.0601e-02
2.2387e+00 2.2387e+00 3.3000e+01 2.8043e-01 3.1293e-02 4.5592e-01 7.5071e-02 4.0449e-01 2.6915e-02
2.2387e+00 2.2387e+00 3.3000e+01 3.1175e-01 3.3743e-02 2.2995e-01 3.8359e-02 4.0491e-01 2.8084e-02
2.2387e+00 2.2387e+00 3.3000e+01 3.0294e-01 3.9259e-02 4.5326e-01 7.9277e-02 4.0166e-01 3.0679e-02
2.2387e+00 2.2387e+00 3.3000e+01 2.9461e-01 4.0230e-02 4.5327e-01 7.8971e-02 4.0197e-01 2.9604e-02
2.2387e+00 2.2387e+00 3.3000e+01 2.9070e-01 3.1485e-02 4.5631e-01 7.9513e-02 4.0160e-01 2.8300e-02
2.2387e+00 2.2387e+00 3.3000e+01 3.1387e-01 2.9968e-02 4.5532e-01 7.9787e-02 4.0374e-01 3.0975e-02
2.2387e+00 2.2387e+00 3.3000e+01 2.9557e-01 3.4573e-02 4.4562e-01 8.2465e-02 4.0596e-01 3.4244e-02
2.5119e+00 2.5119e+00 3.2000e+01 3.1890e-01 3.7015e-02 4.5111e-01 8.0374e-02 4.0220e-01 3.2151e-02
2.5119e+00 2.5119e+00 3.2000e+01 2.8864e-01 3.5769e-02 4.4599e-01 7.8585e-02 4.0021e-01 3.1245e-02
2.5119e+00 2.5119e+00 3.2000e+01 3.2064e-01 2.9336e-02 4.5668e-01 7.7353e-02 4.0203e-01 3.0066e-02
2.5119e+00 2.5119e+00 3.2000e+01 3.1490e-01 3.4227e-02 4.5515e-01 8.1458e-02 4.0322e-01 3.2844e-02
2.5119e+00 2.5119e+00 3.2000e+01 3.1284e-01 3.0474e-02 4.5023e-01 7.8832e-02 4.0299e-01 2.9980e-02
2.5119e+00 2.5119e+00 3.2000e+01 3.0590e-01 3.4273e-02 4.5664e-01 7.8580e-02 4.0370e-01 3.0088e-02
2.5119e+00 2.5119e+00 3.2000e+01 3.0463e-01 2.8518e-02 4.5300e-01 8.0832e-02 4.0191e-01 2.9938e-02
2.5119e+00 2.5119e+00 3.2000e+01 3.1902e-01 2.4264e-02 4.5164e-01 7.5697e-02 4.0182e-01 2.8066e-02
2.5119e+00 2.5119e+00 3.2000e+01 3.1234e-01 3.1714e-02 4.5083e-01 7.7634e-02 4.0388e-01 2.9249e-02
2.5119e+00 2.5119e+00 3.2000e+01 2.9711e-01 3.1202e-02 4.4856e-01 8.0028e-02 4.0161e-01 3.1491e-02
2.8184e+00 2.8184e+00 3.1000e+01 3.0803e-01 2.2386e-02 4.4694e-01 7.5419e-02 4.0047e-01 2.6458e-02
2.8184e+00 2.8184e+00 3.1000e+01 3.0290e-01 3.0091e-02 4.4844e-01 7.2995e-02 4.0349e-01 2.5158e-02
2.8184e+00 2.8184e+00 3.1000e+01 2.7462e-01 3.7637e-02 4.4850e-01 8.2160e-02 2.4875e-01 4.3655e-02
2.8184e+00 2.8184e+00 3.1000e+01 3.1675e-01 2.6451e-02 4.4910e-01 7.5624e-02 4.0347e-01 2.6702e-02
2.8184e+00 2.8184e+00 3.1000e+01 3.1463e-01 3.2863e-02 4.5178e-01 7.5638e-02 4.0276e-01 2.8532e-02
2.8184e+00 2.8184e+00 3.1000e+01 2.8020e-01 2.9926e-02 4.5705e-01 8.2122e-02 4.0295e-01 3.3102e-02
2.8184e+00 2.8184e+00 3.1000e+01 3.1235e-01 3.4051e-02 4.5446e-01 7.6360e-02 4.0223e-01 2.8555e-02
2.8184e+00 2.8184e+00 3.1000e+01 3.0350e-01 3.7006e-02 4.4546e-01 8.4632e-02 3.9993e-01 3.2184e-02
2.8184e+00 2.8184e+00 3.1000e+01 2.9910e-01 3.9346e-02 2.1388e-01 2.4438e-02 4.0217e-01 3.2292e-02
2.8184e+00 2.8184e+00 3.1000e+01 3.5420e-01 3.3833e-02 4.5359e-01 7.9208e-02 4.0250e-01 3.0763e-02
3.1623e+00 3.1623e+00 3.0000e+01 3.0514e-01 3.7682e-02 4.4642e-01 7.2864e-02 4.0182e-01 2.6678e-02
3.1623e+00 3.1623e+00 3.0000e+01 3.0805e-01 2.6960e-02 1.9932e-01 3.1676e-02 4.0499e-01 2.7229e-02
3.1623e+00 3.1623e+00 3.0000e+01 3.0473e-01 2.6471e-02 4.5185e-01 7.7582e-02 4.0277e-01 2.9091e-02
3.1623e+00 3.1623e+00 3.0000e+01 3.1420e-01 3.0692e-02 4.4954e-01 8.2890e-02 4.0198e-01 3.3238e-02
3.1623e+00 3.1623e+00 3.0000e+01 3.1944e-01 3.2218e-02 4.3815e-01 7.8775e-02 4.0450e-01 2.9716e-02
3.1623e+00 3.1623e+00 3.0000e+01 3.0614e-01 3.5534e-02 4.5008e-01 7.7247e-02 4.0130e-01 3.0542e-02
3.1623e+00 3.1623e+00 3.0000e+01 3.5274e-01 2.2799e-02 4.5610e-01 7.3511e-02 4.0125e-01 2.4804e-02
3.1623e+00 3.1623e+00 3.0000e+01 3.2934e-01 3.3598e-02 4.4350e-01 7.9831e-02 3.9941e-01 3.2935e-02
3.1623e+00 3.1623e+00 3.0000e+01 3.3108e-01 3.2800e-02 4.5702e-01 7.6712e-02 4.0346e-01 2.8160e-02
3.1623e+00 3.1623e+00 3.0000e+01 3.4083e-01 3.2539e-02 4.4491e-01 7.9252e-02 3.9888e-01 3.2719e-02
3.5481e+00 3.5481e+00 2.9000e+01 3.3548e-01 3.0548e-02 4.5064e-01 8.1450e-02 4.0346e-01 3.2107e-02
3.5481e+00 3.5481e+00 2.9000e+01 3.1792e-01 3.0003e-02 4.5024e-01 7.9105e-02 4.0480e-01 3.1429e-02
3.5481e+00 3.5481e+00 2.9000e+01 3.1856e-01 3.6627e-02 4.3985e-01 8.5912e-02 3.9919e-01 3.6799e-02
3.5481e+00 3.5481e+00 2.9000e+01 3.2156e-01 3.6313e-02 4.4661e-01 8.1700e-02 3.9949e-01 3.4850e-02
3.5481e+00 3.5481e+00 2.9000e+01 3.1830e-01 3.5434e-02 4.4570e-01 8.3358e-02 4.0147e-01 3.5383e-02
3.5481e+00 3.5481e+00 2.9000e+01 3.1862e-01 3.6809e-02 4.4137e-01 8.2034e-02 4.0035e-01 3.5001e-02
3.5481e+00 3.5481e+00 2.9000e+01 3.2386e-01 2.9090e-02 4.4396e-01 7.7841e-02 4.0249e-01 2.9309e-02
3.5481e+00 3.5481e+00 2.9000e+01 3.2054e-01 2.5257e-02 4.5178e-01 7.4201e-02 4.0207e-01 2.8361e-02
3.5481e+00 3.5481e+00 2.9000e+01 3.2611e-01 3.4593e-02 4.4812e-01 8.1640e-02 4.0200e-01 3.2623e-02
3.5481e+00 3.5481e+00 2.9000e+01 3.1097e-01 2.6859e-02 4.4926e-01 7.2740e-02 4.0398e-01 2.6032e-02
3.9811e+00 3.9811e+00 2.8000e+01 3.3025e-01 3.1150e-02 4.4582e-01 7.9027e-02 4.0103e-01 3.1473e-02
3.9811e+00 3.9811e+00 2.8000e+01 3.2978e-01 3.8640e-02 4.5210e-01 8.0773e-02 4.0144e-01 3.2076e-02
3.9811e+00 3.9811e+00 2.8000e+01 3.2834e-01 2.5709e-02 4.5041e-01 7.3653e-02 4.0228e-01 2.7511e-02
3.9811e+00 3.9811e+00 2.8000e+01 3.6252e-01 4.1701e-02 4.4874e-01 8.5083e-02 4.0312e-01 3.8965e-02
3.9811e+00 3.9811e+00 2.8000e+01 3.6909e-01 2.7161e-02 4.5247e-01 7.1347e-02 4.0340e-01 2.7233e-02
3.9811e+00 3.9811e+00 2.8000e+01 3.3901e-01 2.9849e-02 4.4589e-01 7.4648e-02 4.0297e-01 2.6383e-02
3.9811e+00 3.9811e+00 2.8000e+01 3.5014e-01 4.0988e-02 4.4122e-01 8.5412e-02 4.0045e-01 3.8715e-02
3.9811e+00 3.9811e+00 2.8000e+01 3.1055e-01 3.1453e-02 4.4138e-01 7.8554e-02 4.0279e-01 2.8808e-02
3.9811e+00 3.9811e+00 2.8000e+01 3.2108e-01 2.9675e-02 4.5209e-01 7.2277e-02 4.0100e-01 2.7947e-02
3.9811e+00 3.9811e+00 2.8000e+01 3.3890e-01 3.5013e-02 4.6380e-01 8.0775e-02 4.0517e-01 3.4210e-02
4.4668e+00 4.4668e+00 2.7000e+01 3.0597e-01 3.7273e-02 4.3707e-01 8.3767e-02 4.0710e-01 3.2916e-02
4.4668e+00 4.4668e+00 2.7000e+01 3.2203e-01 3.3594e-02 4.4209e-01 7.5415e-02 4.0446e-01 2.9520e-02
4.4668e+00 4.4668e+00 2.7000e+01 3.4895e-01 3.8210e-02 4.3704e-01 8.2185e-02 4.0204e-01 3.6578e-02
4.4668e+00 4.4668e+00 2.7000e+01 3.3669e-01 3.1281e-02 4.5555e-01 7.7484e-02 4.0226e-01 3.0390e-02
4.4668e+00 4.4668e+00 2.7000e+01 3.2236e-01 3.5953e-02 4.5423e-01 8.7029e-02 4.0055e-01 3.8838e-02
4.4668e+00 4.4668e+00 2.7000e+01 3.3904e-01 3.4742e-02 4.4588e-01 7.8816e-02 4.0034e-01 3.0639e-02
4.4668e+00 4.4668e+00 2.7000e+01 3.1342e-01 4.6183e-02 4.4025e-01 8.5573e-02 3.9875e-01 4.0636e-02
4.4668e+00 4.4668e+00 2.7000e+01 3.3759e-01 3.8514e-02 4.4180e-01 8.1261e-02 3.9959e-01 3.5081e-02
4.4668e+00 4.4668e+00 2.7000e+01 3.3858e-01 2.0406e-02 4.5141e-01 6.9212e-02 4.0064e-01 2.3438e-02
4.4668e+00 4.4668e+00 2.7000e+01 3.1962e-01 3.0650e-02 4.3432e-01 8.5787e-02 4.0466e-01 3.5767e-02
5.0119e+00 5.0119e+00 2.6000e+01 3.4169e-01 3.6873e-02 4.4428e-01 8.4619e-02 4.0044e-01 3.5481e-02
5.0119e+00 5.0119e+00 2.6000e+01 3.2595e-01 3.9020e-02 4.4161e-01 8.1313e-02 4.0016e-01 3.4879e-02
5.0119e+00 5.0119e+00 2.6000e+01 3.3897e-01 2.5916e-02 4.4213e-01 6.5046e-02 4.0503e-01 2.1148e-02
5.0119e+00 5.0119e+00 2.6000e+01 3.2785e-01 3.1377e-02 4.3767e-01 8.0110e-02 4.0256e-01 3.2918e-02
5.0119e+00 5.0119e+00 2.6000e+01 3.2938e-01 3.3411e-02 4.4286e-01 7.9599e-02 4.0768e-01 3.1841e-02
5.0119e+00 5.0119e+00 2.6000e+01 3.2835e-01 3.0112e-02 4.4117e-01 7.8751e-02 4.0593e-01 3.1265e-02
5.0119e+00 5.0119e+00 2.6000e+01 3.3727e-01 1.7807e-02 4.4084e-01 5.5600e-02 4.0250e-01 1.7572e-02
5.0119e+00 5.0119e+00 2.6000e+01 3.3500e-01 3.2590e-02 4.3872e-01 7.4774e-02 3.9979e-01 3.0523e-02
5.0119e+00 5.0119e+00 2.6000e+01 3.2001e-01 3.4674e-02 4.3840e-01 7.3980e-02 3.9931e-01 3.1381e-02
5.0119e+00 5.0119e+00 2.6000e+01 3.2305e-01 2.8209e-02 4.4872e-01 7.6423e-02 3.9962e-01 2.9061e-02
5.6234e+00 5.6234e+00 2.5000e+01 3.4916e-01 2.7378e-02 4.4290e-01 7.4712e-02 4.0032e-01 2.8018e-02
5.6234e+00 5.6234e+00 2.5000e+01 3.4314e-01 3.0267e-02 4.3182e-01 7.5127e-02 3.9973e-01 3.2250e-02
5.6234e+00 5.6234e+00 2.5000e+01 3.1490e-01 4.2055e-02 4.4092e-01 8.7609e-02 3.9974e-01 4.0685e-02
5.6234e+00 5.6234e+00 2.5000e+01 3.5956e-01 3.9663e-02 4.4299e-01 8.2020e-02 3.9892e-01 3.4829e-02
5.6234e+00 5.6234e+00 2.5000e+01 3.5705e-01 2.5296e-02 4.3803e-01 8.1125e-02 4.0373e-01 2.8028e-02
5.6234e+00 5.6234e+00 2.5000e+01 3.4051e-01 3.2984e-02 4.3674e-01 7.3675e-02 3.9883e-01 3.0981e-02
5.6234e+00 5.6234e+00 2.5000e+01 3.3542e-01 3.3535e-02 4.4462e-01 7.5315e-02 3.9917e-01 3.0411e-02
5.6234e+00 5.6234e+00 2.5000e+01 3.2964e-01 3.7722e-02 4.3885e-01 7.8675e-02 4.0025e-01 3.4532e-02
5.6234e+00 5.6234e+00 2.5000e+01 3.3881e-01 3.4566e-02 4.4174e-01 7.7750e-02 4.0315e-01 3.1230e-02
5.6234e+00 5.6234e+00 2.5000e+01 3.4977e-01 2.2119e-02 4.4028e-01 7.8958e-02 4.0027e-01 2.4681e-02
6.3096e+00 6.3096e+00 2.4000e+01 3.3338e-01 3.3987e-02 4.3583e-01 8.1477e-02 3.9901e-01 3.4940e-02
6.3096e+00 6.3096e+00 2.4000e+01 3.4946e-01 3.2445e-02 4.4190e-01 7.1080e-02 4.0052e-01 3.1317e-02
6.3096e+00 6.3096e+00 2.4000e+01 3.5377e-01 3.2261e-02 4.2900e-01 7.1067e-02 4.0913e-01 2.9244e-02
6.3096e+00 6.3096e+00 2.4000e+01 3.4918e-01 2.4493e-02 4.4415e-01 6.8810e-02 3.9979e-01 2.4852e-02
6.3096e+00 6.3096e+00 2.4000e+01 3.4591e-01 4.4383e-02 4.3993e-01 9.1055e-02 3.9905e-01 4.6406e-02
6.3096e+00 6.3096e+00 2.4000e+01 3.6705e-01 2.9873e-02 4.2869e-01 7.5064e-02 4.0929e-01 2.9557e-02
6.3096e+00 6.3096e+00 2.4000e+01 3.6341e-01 2.8996e-02 4.4103e-01 6.4856e-02 4.0101e-01 2.6378e-02
6.3096e+00 6.3096e+00 2.4000e+01 3.4573e-01 4.5398e-02 4.2281e-01 9.0135e-02 4.0393e-01 4.4184e-02
6.3096e+00 6.3096e+00 2.4000e+01 3.6084e-01 3.6281e-02 4.4236e-01 8.1368e-02 4.0161e-01 3.7102e-02
6.3096e+00 6.3096e+00 2.4000e+01 3.2435e-01 3.7320e-02 4.4260e-01 7.9116e-02 4.0004e-01 3.6858e-02
7.0795e+00 7.0795e+00 2.3000e+01 3.8268e-01 2.7185e-02 4.4526e-01 6.5914e-02 4.0205e-01 2.6538e-02
7.0795e+00 7.0795e+00 2.3000e+01 3.6097e-01 3.4991e-02 4.2783e-01 8.4512e-02 4.0257e-01 3.6332e-02
7.0795e+00 7.0795e+00 2.3000e+01 3.9985e-01 3.2875e-02 4.3648e-01 7.2579e-02 4.0070e-01 3.2842e-02
7.0795e+00 7.0795e+00 2.3000e+01 3.6705e-01 4.5701e-02 4.3529e-01 8.7894e-02 4.0206e-01 4.3998e-02
7.0795e+00 7.0795e+00 2.3000e+01 3.6851e-01 2.7118e-02 4.3692e-01 6.9501e-02 3.9931e-01 2.7089e-02
7.0795e+00 7.0795e+00 2.3000e+01 3.4897e-01 2.4311e-02 4.3367e-01 5.6665e-02 4.0111e-01 2.1708e-02
7.0795e+00 7.0795e+00 2.3000e+01 3.5950e-01 5.4568e-02 4.2484e-01 9.4594e-02 4.0099e-01 5.2317e-02
7.0795e+00 7.0795e+00 2.3000e+01 3.5803e-01 3.5484e-02 4.3306e-01 8.0955e-02 4.0642e-01 3.5418e-02
7.0795e+00 7.0795e+00 2.3000e+01 3.4472e-01 2.9162e-02 4.2903e-01 7.0060e-02 4.0005e-01 2.5887e-02
7.0795e+00 7.0795e+00 2.3000e+01 3.6777e-01 2.5517e-02 4.3085e-01 6.0683e-02 3.9981e-01 2.2277e-02
7.9433e+00 7.9433e+00 2.2000e+01 3.5490e-01 3.4013e-02 4.3427e-01 7.2369e-02 4.0223e-01 3.3603e-02
7.9433e+00 7.9433e+00 2.2000e+01 3.4557e-01 3.8152e-02 4.3203e-01 7.6076e-02 4.0086e-01 3.4454e-02
7.9433e+00 7.9433e+00 2.2000e+01 3.8651e-01 2.6592e-02 4.3294e-01 6.3229e-02 3.9936e-01 2.5949e-02
7.9433e+00 7.9433e+00 2.2000e+01 3.6044e-01 4.0489e-02 4.2163e-01 8.0751e-02 4.0045e-01 4.0639e-02
7.9433e+00 7.9433e+00 2.2000e+01 3.5694e-01 4.4564e-02 4.3276e-01 8.9572e-02 4.0095e-01 4.2631e-02
7.9433e+00 7.9433e+00 2.2000e+01 3.6771e-01 2.6944e-02 4.2792e-01 6.3486e-02 3.9935e-01 2.8236e-02
7.9433e+00 7.9433e+00 2.2000e+01 3.4458e-01 1.7373e-02 4.4721e-01 5.2026e-02 4.0628e-01 1.8898e-02
7.9433e+00 7.9433e+00 2.2000e+01 3.5436e-01 4.3462e-02 4.3094e-01 8.5496e-02 4.0459e-01 4.1886e-02
7.9433e+00 7.9433e+00 2.2000e+01 3.8624e-01 2.7031e-02 4.4009e-01 6.9944e-02 4.0672e-01 2.7768e-02
7.9433e+00 7.9433e+00 2.2000e+01 3.5770e-01 2.9135e-02 4.2668e-01 6.8714e-02 3.9935e-01 3.0442e-02
8.9125e+00 8.9125e+00 2.1000e+01 3.9352e-01 4.2864e-02 4.1692e-01 9.2449e-02 4.0813e-01 4.3044e-02
8.9125e+00 8.9125e+00 2.1000e+01 3.6457e-01 7.4087e-03 4.3957e-01 1.7691e-02 6.5029e-01 1.3681e-02
8.9125e+00 8.9125e+00 2.1000e+01 3.4174e-01 3.7452e-02 4.2870e-01 7.3997e-02 4.0243e-01 3.7076e-02
8.9125e+00 8.9125e+00 2.1000e+01 3.5905e-01 3.5671e-02 4.1751e-01 6.5866e-02 4.1588e-01 3.3393e-02
8.9125e+00 8.9125e+00 2.1000e+01 3.6301e-01 3.8662e-02 4.3035e-01 7.6662e-02 3.9890e-01 3.7549e-02
8.9125e+00 8.9125e+00 2.1000e+01 3.3972e-01 2.9395e-02 4.1968e-01 5.8244e-02 4.0152e-01 2.3142e-02
8.9125e+00 8.9125e+00 2.1000e+01 3.5719e-01 3.8950e-02 4.3653e-01 7.6851e-02 4.0168e-01 4.0376e-02
8.9125e+00 8.9125e+00 2.1000e+01 3.9079e-01 3.0248e-02 4.3207e-01 6.4219e-02 4.0126e-01 3.0406e-02
8.9125e+00 8.9125e+00 2.1000e+01 3.6118e-01 2.6163e-02 4.2846e-01 5.1781e-02 4.0234e-01 2.5059e-02
8.9125e+00 8.9125e+00 2.1000e+01 4.0197e-01 4.0903e-02 4.2185e-01 7.7975e-02 4.1639e-01 4.1116e-02
1.0000e+01 1.0000e+01 2.0000e+01 3.7562e-01 4.3162e-02 4.2181e-01 8.1709e-02 3.9996e-01 4.4108e-02
1.0000e+01 1.0000e+01 2.0000e+01 3.4905e-01 5.0996e-02 4.1435e-01 7.9902e-02 3.9947e-01 4.8846e-02
1.0000e+01 1.0000e+01 2.0000e+01 3.5760e-01 4.7837e-02 4.2703e-01 7.6370e-02 4.0392e-01 4.3758e-02
1.0000e+01 1.0000e+01 2.0000e+01 3.7720e-01 3.9603e-02 4.2503e-01 7.8343e-02 4.0157e-01 3.9586e-02
1.0000e+01 1.0000e+01 2.0000e+01 3.6389e-01 3.7176e-02 4.0865e-01 7.4305e-02 4.0984e-01 3.7602e-02
1.0000e+01 1.0000e+01 2.0000e+01 3.7956e-01 1.4576e-02 4.1816e-01 3.2255e-02 4.1262e-01 1.6454e-02
1.0000e+01 1.0000e+01 2.0000e+01 3.8229e-01 4.1605e-02 4.1992e-01 7.3368e-02 4.0251e-01 4.0904e-02
1.0000e+01 1.0000e+01 2.0000e+01 3.5576e-01 2.6905e-02 4.2748e-01 6.6691e-02 4.0026e-01 2.6748e-02
1.0000e+01 1.0000e+01 2.0000e+01 3.8776e-01 3.2056e-02 4.2055e-01 6.9070e-02 3.9953e-01 3.1595e-02
1.0000e+01 1.0000e+01 2.0000e+01 3.8008e-01 2.7023e-02 5.3363e-01 1.9950e-01 4.0258e-01 2.6462e-02
1.1220e+01 1.1220e+01 1.9000e+01 3.6114e-01 1.9809e-02 4.1169e-01 2.8628e-02 4.0798e-01 1.4222e-02
1.1220e+01 1.1220e+01 1.9000e+01 4.0312e-01 5.5349e-02 4.9437e-01 2.0079e-01 4.5966e-01 5.6316e-02
1.1220e+01 1.1220e+01 1.9000e+01 3.7601e-01 3.2653e-02 4.2918e-01 6.6549e-02 4.0101e-01 3.4375e-02
1.1220e+01 1.1220e+01 1.9000e+01 3.6531e-01 3.7378e-02 4.1279e-01 7.1276e-02 4.1360e-01 3.6849e-02
1.1220e+01 1.1220e+01 1.9000e+01 3.5509e-01 4.0324e-02 4.1926e-01 7.4090e-02 3.9969e-01 3.9642e-02
1.1220e+01 1.1220e+01 1.9000e+01 3.6539e-01 2.0336e-02 5.1040e-01 1.9975e-01 4.0105e-01 1.6885e-02
1.1220e+01 1.1220e+01 1.9000e+01 3.5633e-01 4.6280e-02 4.2223e-01 8.0404e-02 3.9900e-01 4.3035e-02
1.1220e+01 1.1220e+01 1.9000e+01 3.6182e-01 1.6164e-02 4.9961e-01 1.9952e-01 4.0707e-01 1.4509e-02
1.1220e+01 1.1220e+01 1.9000e+01 3.5680e-01 4.7396e-02 4.2655e-01 8.7532e-02 3.9894e-01 4.6994e-02
1.1220e+01 1.1220e+01 1.9000e+01 3.6633e-01 3.9290e-02 5.3528e-01 2.0044e-01 4.0584e-01 3.7411e-02
1.2589e+01 1.2589e+01 1.8000e+01 4.2163e-01 3.6438e-02 5.0175e-01 2.0213e-01 4.0289e-01 3.7141e-02
1.2589e+01 1.2589e+01 1.8000e+01 3.8448e-01 4.7171e-02 5.0396e-01 2.0308e-01 4.1600e-01 4.6860e-02
1.2589e+01 1.2589e+01 1.8000e+01 3.9208e-01 3.9957e-02 5.1061e-01 2.0421e-01 3.9960e-01 4.0212e-02
1.2589e+01 1.2589e+01 1.8000e+01 3.9940e-01 5.5592e-02 5.1502e-01 2.0688e-01 4.0224e-01 5.5807e-02
1.2589e+01 1.2589e+01 1.8000e+01 3.6253e-01 4.0290e-02 5.2386e-01 2.0794e-01 4.0192e-01 4.3066e-02
1.2589e+01 1.2589e+01 1.8000e+01 3.8892e-01 3.6479e-02 4.1991e-01 7.0996e-02 3.9937e-01 3.6102e-02
1.2589e+01 1.2589e+01 1.8000e+01 3.8859e-01 6.6691e-02 5.1303e-01 1.9899e-01 4.0119e-01 6.6704e-02
1.2589e+01 1.2589e+01 1.8000e+01 3.8200e-01 1.1650e-02 4.6633e-01 1.9949e-01 6.1866e-01 2.0916e-02
1.2589e+01 1.2589e+01 1.8000e+01 3.4884e-01 7.0564e-02 5.1441e-01 1.9971e-01 4.0048e-01 6.6891e-02
1.2589e+01 1.2589e+01 1.8000e+01 3.9114e-01 4.4960e-02 5.1999e-01 1.9977e-01 4.0445e-01 4.5261e-02
1.4125e+01 1.4125e+01 1.7000e+01 3.7320e-01 4.2933e-02 5.0487e-01 2.0163e-01 4.0011e-01 4.3966e-02
1.4125e+01 1.4125e+01 1.7000e+01 4.1987e-01 4.7082e-02 5.3532e-01 1.9704e-01 4.0423e-01 4.6940e-02
1.4125e+01 1.4125e+01 1.7000e+01 3.9085e-01 7.8096e-02 5.1802e-01 2.0536e-01 4.0176e-01 7.7603e-02
1.4125e+01 1.4125e+01 1.7000e+01 4.1170e-01 2.0923e-02 4.9298e-01 2.0373e-01 4.0177e-01 2.1246e-02
1.4125e+01 1.4125e+01 1.7000e+01 3.8669e-01 3.9858e-02 5.0711e-01 2.0236e-01 4.0553e-01 3.9376e-02
1.4125e+01 1.4125e+01 1.7000e+01 3.9340e-01 1.7690e-02 4.8455e-01 1.9894e-01 4.5421e-01 2.0493e-02
1.4125e+01 1.4125e+01 1.7000e+01 3.7579e-01 3.2596e-02 5.1174e-01 2.0049e-01 4.0062e-01 3.2085e-02
1.4125e+01 1.4125e+01 1.7000e+01 4.4267e-01 6.9703e-02 5.0364e-01 2.0417e-01 4.0267e-01 6.8587e-02
1.4125e+01 1.4125e+01 1.7000e+01 4.0601e-01 4.0881e-02 4.8832e-01 1.9869e-01 4.2071e-01 4.1342e-02
1.4125e+01 1.4125e+01 1.7000e+01 3.8751e-01 6.3267e-02 5.1993e-01 2.0299e-01 4.0462e-01 6.3484e-02
1.5849e+01 1.5849e+01 1.6000e+01 3.6940e-01 3.1458e-02 4.8318e-01 2.0686e-01 4.1364e-01 3.2091e-02
1.5849e+01 1.5849e+01 1.6000e+01 4.0366e-01 5.1479e-02 5.2194e-01 2.0573e-01 4.0102e-01 5.1494e-02
1.5849e+01 1.5849e+01 1.6000e+01 4.2620e-01 1.6479e-02 4.5409e-01 2.0380e-01 7.9216e-01 2.7246e-02
1.5849e+01 1.5849e+01 1.6000e+01 4.0759e-01 2.5818e-02 4.9022e-01 2.0219e-01 4.0036e-01 2.5945e-02
1.5849e+01 1.5849e+01 1.6000e+01 4.7179e-01 3.2093e-02 5.2006e-01 2.0450e-01 4.1545e-01 3.4926e-02
1.5849e+01 1.5849e+01 1.6000e+01 4.6962e-01 5.1885e-02 4.8710e-01 2.0807e-01 4.2034e-01 5.0234e-02
1.5849e+01 1.5849e+01 1.6000e+01 4.0537e-01 4.7777e-02 5.0876e-01 2.0522e-01 4.0143e-01 4.7523e-02
1.5849e+01 1.5849e+01 1.6000e+01 3.8739e-01 6.6322e-02 4.8558e-01 2.0254e-01 4.1008e-01 6.5813e-02
1.5849e+01 1.5849e+01 1.6000e+01 4.2800e-01 3.6430e-02 4.9558e-01 2.0530e-01 4.0434e-01 3.6752e-02
1.5849e+01 1.5849e+01 1.6000e+01 4.3929e-01 5.3166e-02 4.8465e-01 1.9814e-01 4.0125e-01 5.2788e-02
1.7783e+01 1.7783e+01 1.5000e+01 4.1138e-01 3.3582e-02 4.5665e-01 2.0459e-01 4.0140e-01 3.3642e-02
1.7783e+01 1.7783e+01 1.5000e+01 4.1206e-01 8.7059e-02 4.7894e-01 2.0980e-01 4.1352e-01 8.6978e-02
1.7783e+01 1.7783e+01 1.5000e+01 3.9913e-01 7.9147e-02 4.9168e-01 2.0334e-01 1.2637e+00 6.6937e-02
1.7783e+01 1.7783e+01 1.5000e+01 3.7640e-01 3.9417e-02 4.8466e-01 2.0386e-01 4.0888e-01 3.7262e-02
1.7783e+01 1.7783e+01 1.5000e+01 4.2382e-01 5.0359e-02 5.1363e-01 2.0121e-01 4.0584e-01 4.9987e-02
1.7783e+01 1.7783e+01 1.5000e+01 4.1709e-01 5.6447e-02 4.8288e-01 2.0861e-01 4.1032e-01 5.6731e-02
1.7783e+01 1.7783e+01 1.5000e+01 4.0257e-01 4.7731e-02 4.5654e-01 2.0774e-01 4.0810e-01 4.7615e-02
1.7783e+01 1.7783e+01 1.5000e+01 4.0486e-01 3.0815e-02 4.7707e-01 2.0489e-01 4.1245e-01 3.1208e-02
1.7783e+01 1.7783e+01 1.5000e+01 4.4196e-01 2.7307e-02 4.9432e-01 2.0734e-01 4.1264e-01 2.8123e-02
1.7783e+01 1.7783e+01 1.5000e+01 4.2066e-01 6.0141e-02 4.6634e-01 2.0198e-01 4.3944e-01 5.9359e-02
1.9953e+01 1.9953e+01 1.4000e+01 4.0990e-01 6.2858e-02 4.7488e-01 2.0463e-01 4.0581e-01 6.2909e-02
1.9953e+01 1.9953e+01 1.4000e+01 4.2977e-01 8.6919e-02 4.8622e-01 2.0456e-01 4.1998e-01 8.7149e-02
1.9953e+01 1.9953e+01 1.4000e+01 4.1080e-01 4.1058e-02 4.9288e-01 2.0557e-01 4.0983e-01 4.1074e-02
1.9953e+01 1.9953e+01 1.4000e+01 4.1143e-01 2.9345e-02 4.5998e-01 2.0456e-01 4.1748e-01 2.9459e-02
1.9953e+01 1.9953e+01 1.4000e+01 4.1387e-01 4.5876e-02 4.6547e-01 2.0682e-01 4.0183e-01 4.6179e-02
1.9953e+01 1.9953e+01 1.4000e+01 3.9428e-01 7.7352e-02 4.9412e-01 2.0124e-01 4.1450e-01 7.7572e-02
1.9953e+01 1.9953e+01 1.4000e+01 4.5592e-01 8.0316e-02 5.0363e-01 2.0761e-01 4.1964e-01 8.1793e-02
1.9953e+01 1.9953e+01 1.4000e+01 4.0358e-01 5.1127e-02 4.6872e-01 2.0375e-01 4.0208e-01 5.1331e-02
1.9953e+01 1.9953e+01 1.4000e+01 4.2736e-01 4.0064e-02 4.9986e-01 2.0587e-01 4.1868e-01 3.9134e-02
1.9953e+01 1.9953e+01 1.4000e+01 4.3824e-01 7.5283e-02 4.7468e-01 2.0795e-01 4.0590e-01 7.6815e-02
2.2387e+01 2.2387e+01 1.3000e+01 4.3376e-01 7.3508e-02 4.7571e-01 2.1399e-01 4.1572e-01 7.3066e-02
2.2387e+01 2.2387e+01 1.3000e+01 4.5130e-01 6.4391e-02 4.7785e-01 2.0682e-01 4.0021e-01 6.8719e-02
2.2387e+01 2.2387e+01 1.3000e+01 3.8331e-01 5.9648e-02 4.6173e-01 2.1072e-01 4.0234e-01 5.8640e-02
2.2387e+01 2.2387e+01 1.3000e+01 3.9817e-01 3.6777e-02 4.1869e-01 2.0684e-01 1.4921e+00 4.5977e-02
2.2387e+01 2.2387e+01 1.3000e+01 4.3342e-01 3.4563e-02 4.8047e-01 2.0709e-01 4.9178e-01 3.3569e-02
2.2387e+01 2.2387e+01 1.3000e+01 4.2343e-01 6.6580e-02 4.5784e-01 2.0714e-01 4.0775e-01 6.6512e-02
2.2387e+01 2.2387e+01 1.3000e+01 4.0268e-01 5.2933e-02 4.7233e-01 2.1217e-01 4.0563e-01 5.2676e-02
2.2387e+01 2.2387e+01 1.3000e+01 6.5974e-01 3.7752e-02 4.4412e-01 2.0940e-01 5.1886e-01 3.8954e-02
2.2387e+01 2.2387e+01 1.3000e+01 4.5229e-01 6.9088e-02 4.4966e-01 2.0860e-01 4.1282e-01 6.9709e-02
2.2387e+01 2.2387e+01 1.3000e+01 3.8055e-01 9.9048e-02 4.2179e-01 2.1236e-01 1.7058e+00 9.1650e-02
2.5119e+01 2.5119e+01 1.2000e+01 4.9205e-01 8.4899e-02 4.6997e-01 2.1349e-01 4.6665e-01 7.7679e-02
2.5119e+01 2.5119e+01 1.2000e+01 4.0236e-01 7.7197e-02 4.2396e-01 2.0981e-01 4.4052e-01 7.4117e-02
2.5119e+01 2.5119e+01 1.2000e+01 4.4954e-01 6.1984e-02 4.4576e-01 2.0780e-01 9.5770e-01 6.8463e-02
2.5119e+01 2.5119e+01 1.2000e+01 4.3031e-01 9.5150e-02 4.4820e-01 2.1476e-01 5.6579e-01 8.6142e-02
2.5119e+01 2.5119e+01 1.2000e+01 4.6201e-01 6.5803e-02 4.7205e-01 2.1567e-01 4.7913e-01 5.1349e-02
2.5119e+01 2.5119e+01 1.2000e+01 4.1009e-01 5.9681e-02 4.7135e-01 2.1205e-01 4.2997e-01 5.5501e-02
2.5119e+01 2.5119e+01 1.2000e+01 4.0435e-01 6.3259e-02 4.7274e-01 2.1161e-01 4.0374e-01 6.3291e-02
2.5119e+01 2.5119e+01 1.2000e+01 4.4627e-01 4.5598e-02 4.3561e-01 2.1088e-01 5.7947e-01 4.8080e-02
2.5119e+01 2.5119e+01 1.2000e+01 4.5381e-01 5.6201e-02 4.4882e-01 2.0873e-01 4.0026e-01 4.5138e-02
2.5119e+01 2.5119e+01 1.2000e+01 4.1509e-01 8.1565e-02 4.5410e-01 2.1023e-01 4.3465e-01 7.5454e-02
2.8184e+01 2.8184e+01 1.1000e+01 4.4361e-01 2.4626e-02 4.3690e-01 2.0854e-01 6.1848e-01 2.0380e-02
2.8184e+01 2.8184e+01 1.1000e+01 4.8403e-01 2.5062e-02 1.0000e+06 1.0000e+06 2.6711e+00 4.6975e-02
2.8184e+01 2.8184e+01 1.1000e+01 3.6516e-01 8.4443e-02 4.4617e-01 2.1370e-01 4.0105e-01 8.0923e-02
2.8184e+01 2.8184e+01 1.1000e+01 5.0714e-01 2.8690e-02 4.0935e-01 2.1001e-01 9.7119e-01 2.8546e-02
2.8184e+01 2.8184e+01 1.1000e+01 5.3624e-01 6.7534e-02 4.4010e-01 2.1732e-01 4.5542e-01 6.1449e-02
2.8184e+01 2.8184e+01 1.1000e+01 4.2120e-01 9.8512e-02 4.3725e-01 2.1151e-01 4.2807e-01 9.8709e-02
2.8184e+01 2.8184e+01 1.1000e+01 5.0627e-01 5.5979e-02 4.6528e-01 2.1063e-01 4.7455e-01 5.1757e-02
2.8184e+01 2.8184e+01 1.1000e+01 1.1745e+00 9.0505e-02 4.7665e-01 2.1914e-01 3.3443e+00 8.4357e-02
2.8184e+01 2.8184e+01 1.1000e+01 4.0391e-01 8.5780e-02 4.1912e-01 2.0856e-01 4.2461e-01 8.3744e-02
2.8184e+01 2.8184e+01 1.1000e+01 5.1848e-01 7.5506e-02 4.7519e-01 2.1389e-01 5.7396e-01 7.3500e-02
3.1623e+01 3.1623e+01 1.0000e+01 6.5627e-01 5.5529e-02 1.2005e+00 5.7090e-02 1.8892e+00 5.7299e-02
3.1623e+01 3.1623e+01 1.0000e+01 4.2382e-01 4.1921e-02 4.3208e-01 2.1373e-01 1.1098e+00 3.1564e-02
3.1623e+01 3.1623e+01 1.0000e+01 4.6716e-01 6.5773e-02 4.2416e-01 2.1163e-01 4.2885e-01 6.2136e-02
3.1623e+01 3.1623e+01 1.0000e+01 4.7542e-01 1.0599e-01 4.6158e-01 2.0915e-01 4.7099e-01 1.1008e-01
3.1623e+01 3.1623e+01 1.0000e+01 3.9874e-01 6.9566e-02 4.0756e-01 2.1576e-01 4.7921e-01 5.8313e-02
3.1623e+01 3.1623e+01 1.0000e+01 5.2734e-01 7.2661e-02 4.4528e-01 2.1356e-01 4.8774e-01 7.6920e-02
3.1623e+01 3.1623e+01 1.0000e+01 4.3607e-01 3.1566e-02 1.0000e+06 1.0000e+06 1.3426e+00 4.1032e-02
3.1623e+01 3.1623e+01 1.0000e+01 4.5160e-01 1.1856e-01 4.2259e-01 2.1834e-01 4.3345e-01 1.1426e-01
3.1623e+01 3.1623e+01 1.0000e+01 4.9642e-01 5.9916e-02 4.4060e-01 2.1183e-01 1.0177e+00 6.4535e-02
3.1623e+01 3.1623e+01 1.0000e+01 5.3914e-01 1.0245e-01 4.3488e-01 2.2382e-01 1.2428e+00 1.1183e-01
3.5481e+01 3.5481e+01 9.0000e+00 4.7877e-01 1.0941e-01 4.0324e-01 2.1362e-01 6.5583e-01 1.0736e-01
3.5481e+01 3.5481e+01 9.0000e+00 4.7653e-01 9.4669e-02 4.0648e-01 2.0566e-01 4.7175e-01 9.4278e-02
3.5481e+01 3.5481e+01 9.0000e+00 5.2367e-01 1.4143e-01 1.1923e+00 1.4612e-01 6.3404e-01 1.4072e-01
3.5481e+01 3.5481e+01 9.0000e+00 6.0571e-01 1.3333e-01 1.1451e+00 1.3464e-01 6.0513e-01 1.3342e-01
3.5481e+01 3.5481e+01 9.0000e+00 5.3942e-01 1.3577e-01 1.1224e+00 1.3711e-01 5.3455e-01 1.3449e-01
3.5481e+01 3.5481e+01 9.0000e+00 5.5444e-01 1.2865e-01 1.1715e+00 1.2789e-01 5.5270e-01 1.2733e-01
3.5481e+01 3.5481e+01 9.0000e+00 4.3929e-01 7.5944e-02 4.0385e-01 2.0500e-01 4.5254e-01 7.9439e-02
3.5481e+01 3.5481e+01 9.0000e+00 6.1046e-01 7.1621e-02 1.1354e+00 8.6069e-02 5.9149e-01 7.7226e-02
3.5481e+01 3.5481e+01 9.0000e+00 4.7502e-01 1.1390e-01 4.1756e-01 2.1247e-01 5.8492e-01 1.1047e-01
3.5481e+01 3.5481e+01 9.0000e+00 5.4538e-01 4.1601e-02 4.1871e-01 2.1719e-01 2.2274e+00 4.2295e-01
3.9811e+01 3.9811e+01 8.0000e+00 5.5417e-01 1.1427e-01 4.0642e-01 1.1146e-01 5.4717e-01 1.1349e-01
3.9811e+01 3.9811e+01 8.0000e+00 5.0856e-01 1.2512e-01 4.2564e-01 2.2207e-01 4.5286e-01 1.2335e-01
3.9811e+01 3.9811e+01 8.0000e+00 5.8425e-01 6.5285e-02 1.0000e+06 1.0000e+06 5.8153e-01 6.5870e-02
3.9811e+01 3.9811e+01 8.0000e+00 6.4148e-01 1.9772e-01 1.1844e+00 1.9717e-01 6.3129e-01 1.9527e-01
3.9811e+01 3.9811e+01 8.0000e+00 5.7784e-01 9.4687e-02 1.0000e+06 1.0000e+06 2.2963e+00 7.8701e-02
3.9811e+01 3.9811e+01 8.0000e+00 4.7577e-01 6.2205e-02 4.1027e-01 2.1035e-01 1.0829e+00 5.9753e-02
3.9811e+01 3.9811e+01 8.0000e+00 7.0143e-01 1.9422e-01 1.1669e+00 1.9539e-01 2.2434e+00 1.9368e-01
3.9811e+01 3.9811e+01 8.0000e+00 4.1338e-01 6.8707e-02 4.0272e-01 2.2586e-01 4.1960e-01 5.4781e-02
3.9811e+01 3.9811e+01 8.0000e+00 6.7509e-01 8.2243e-02 1.2174e+00 8.9995e-02 6.3084e-01 8.2887e-02
3.9811e+01 3.9811e+01 8.0000e+00 5.8708e-01 1.5136e-01 1.1216e+00 1.5651e-01 5.8643e-01 1.5175e-01
4.4668e+01 4.4668e+01 7.0000e+00 4.0889e-01 1.3426e-01 4.2449e-01 2.2847e-01 1.3053e+00 1.2530e-01
4.4668e+01 4.4668e+01 7.0000e+00 6.0791e-01 9.7852e-02 1.1776e+00 1.0305e-01 6.0948e-01 9.7737e-02
4.4668e+01 4.4668e+01 7.0000e+00 6.6420e-01 1.6508e-01 1.1643e+00 1.6839e-01 6.5362e-01 1.6617e-01
4.4668e+01 4.4668e+01 7.0000e+00 6.0885e-01 1.2047e-01 1.1739e+00 1.1981e-01 5.9045e-01 1.1700e-01
4.4668e+01 4.4668e+01 7.0000e+00 1.0042e+00 2.1824e-01 1.3331e+00 2.2707e-01 4.7202e+00 2.0684e-01
4.4668e+01 4.4668e+01 7.0000e+00 4.4575e-01 1.2374e-01 4.2841e-01 2.2672e-01 4.3929e-01 1.2439e-01
4.4668e+01 4.4668e+01 7.0000e+00 1.8460e+00 2.3552e-01 1.0000e+06 1.0000e+06 6.6214e+00 5.2818e-01
4.4668e+01 4.4668e+01 7.0000e+00 6.1590e-01 1.7211e-01 1.1650e+00 1.7464e-01 6.0840e-01 1.7013e-01
4.4668e+01 4.4668e+01 7.0000e+00 9.2372e-01 5.7416e-02 1.0000e+06 1.0000e+06 3.8084e+00 8.0116e-02
4.4668e+01 4.4668e+01 7.0000e+00 6.0380e-01 1.7845e-01 1.1802e+00 1.8056e-01 6.0369e-01 1.7891e-01
5.0119e+01 5.0119e+01 6.0000e+00 6.6758e-01 1.8988e-01 1.2207e+00 1.9086e-01 6.6840e-01 1.8974e-01
5.0119e+01 5.0119e+01 6.0000e+00 7.7485e-01 1.5740e-01 1.2028e+00 1.5949e-01 7.0997e-01 1.5716e-01
5.0119e+01 5.0119e+01 6.0000e+00 2.4319e+00 7.0608e-02 1.0000e+06 1.0000e+06 6.7369e+00 8.2352e-02
5.0119e+01 5.0119e+01 6.0000e+00 5.8487e-01 1.7904e-01 1.1662e+00 1.8580e-01 5.8834e-01 1.7992e-01
5.0119e+01 5.0119e+01 6.0000e+00 6.8098e-01 1.6912e-01 1.1901e+00 1.7091e-01 6.7734e-01 1.6807e-01
5.0119e+01 5.0119e+01 6.0000e+00 6.2836e-01 1.2774e-01 1.1820e+00 1.3076e-01 6.2680e-01 1.2907e-01
5.0119e+01 5.0119e+01 6.0000e+00 6.5230e+00 3.5421e-02 1.8110e+01 2.2473e-01 1.2672e+01 4.4774e-01
5.0119e+01 5.0119e+01 6.0000e+00 7.2310e-01 1.4827e-01 1.2152e+00 1.5604e-01 7.2707e-01 1.4831e-01
5.0119e+01 5.0119e+01 6.0000e+00 6.4744e-01 1.7790e-01 6.5406e-01 2.2759e-01 3.6523e+00 1.8496e-01
5.0119e+01 5.0119e+01 6.0000e+00 5.7357e-01 9.5078e-02 4.0846e-01 2.2488e-01 5.7210e-01 9.6546e-02
5.6234e+01 5.6234e+01 5.0000e+00 5.6843e-01 1.3113e-01 1.0000e+06 1.0000e+06 2.2655e+00 4.5538e-01
5.6234e+01 5.6234e+01 5.0000e+00 8.3774e-01 1.9597e-01 1.3538e+00 2.0168e-01 7.9590e-01 1.9823e-01
5.6234e+01 5.6234e+01 5.0000e+00 8.4893e-01 3.1468e-01 1.2423e+00 3.1594e-01 8.2818e-01 3.1300e-01
5.6234e+01 5.6234e+01 5.0000e+00 7.0650e-01 2.0663e-01 1.2133e+00 2.0383e-01 7.0087e-01 2.0267e-01
5.6234e+01 5.6234e+01 5.0000e+00 2.3632e+00 1.0066e-01 9.5437e-01 2.3911e-01 6.7251e+00 5.7065e-01
5.6234e+01 5.6234e+01 5.0000e+00 5.9703e-01 1.5537e-01 1.2834e+00 5.5542e-01 5.8426e-01 9.7363e-01
5.6234e+01 5.6234e+01 5.0000e+00 6.4774e-01 1.4544e-01 1.3566e+00 1.4725e-01 6.5795e-01 1.4506e-01
5.6234e+01 5.6234e+01 5.0000e+00 8.0199e-01 2.1434e-01 1.2648e+00 2.1225e-01 7.7373e-01 2.1011e-01
5.6234e+01 5.6234e+01 5.0000e+00 6.0918e-01 1.5151e-01 1.1961e+00 1.5401e-01 6.0912e-01 1.5072e-01
5.6234e+01 5.6234e+01 5.0000e+00 3.0228e+00 1.1966e-01 1.1842e+00 2.3890e-01 6.9442e+00 1.2937e-01
6.3096e+01 6.3096e+01 4.0000e+00 9.0252e-01 2.2143e-01 1.0000e+06 1.0000e+06 8.8685e-01 7.8112e-01
6.3096e+01 6.3096e+01 4.0000e+00 1.6242e+00 2.2885e-01 8.3424e+00 1.6371e+00 7.3645e+00 7.5765e-01
6.3096e+01 6.3096e+01 4.0000e+00 8.6101e-01 1.7669e-01 1.3527e+00 1.8234e-01 8.4760e-01 1.7686e-01
6.3096e+01 6.3096e+01 4.0000e+00 9.2396e-01 1.5273e-01 1.3254e+00 1.5452e-01 2.3903e+00 6.7089e-01
6.3096e+01 6.3096e+01 4.0000e+00 2.0494e+00 3.2256e-01 1.0000e+06 1.0000e+06 5.3696e+00 3.3180e-01
6.3096e+01 6.3096e+01 4.0000e+00 6.2150e-01 1.5571e-01 1.3134e+00 4.6954e-01 6.0907e-01 4.6954e-01
6.3096e+01 6.3096e+01 4.0000e+00 5.8671e-01 1.1082e-01 4.0049e+00 5.9604e-01 3.9804e+00 5.9604e-01
6.3096e+01 6.3096e+01 4.0000e+00 1.7629e+00 3.9018e-01 1.0000e+06 1.0000e+06 4.3387e+00 3.7567e-01
6.3096e+01 6.3096e+01 4.0000e+00 8.3131e-01 2.6244e-01 1.2469e+00 2.6346e-01 8.3454e-01 2.6165e-01
6.3096e+01 6.3096e+01 4.0000e+00 6.1600e-01 2.3823e-01 1.3391e+00 2.4253e-01 2.7964e+00 2.3276e-01
7.0795e+01 7.0795e+01 3.0000e+00 6.2542e-01 1.7832e-01 1.6623e+00 9.4900e-01 4.6438e+00 9.4900e-01
7.0795e+01 7.0795e+01 3.0000e+00 6.5637e-01 3.7828e-01 1.0000e+06 1.0000e+06 3.1938e+00 3.8939e-01
7.0795e+01 7.0795e+01 3.0000e+00 9.6277e-01 3.3023e-01 1.3337e+00 6.2920e-01 9.1169e-01 6.2920e-01
7.0795e+01 7.0795e+01 3.0000e+00 1.8332e+00 4.5633e-01 1.5871e+00 4.4911e-01 5.6466e+00 4.5110e-01
7.0795e+01 7.0795e+01 3.0000e+00 9.0627e-01 1.8464e-01 1.3348e+00 6.6840e-01 8.7164e-01 6.6840e-01
7.0795e+01 7.0795e+01 3.0000e+00 1.5722e+00 2.1875e-01 1.5343e+00 7.2616e-01 4.3720e+00 7.2616e-01
7.0795e+01 7.0795e+01 3.0000e+00 4.1162e+00 4.0845e-01 1.0000e+06 1.0000e+06 1.7788e+01 1.0858e+00
7.0795e+01 7.0795e+01 3.0000e+00 8.5186e-01 2.5712e-01 1.0000e+06 1.0000e+06 8.4580e-01 7.8880e-01
7.0795e+01 7.0795e+01 3.0000e+00 7.8740e-01 1.7797e-01 1.3556e+00 6.8601e-01 8.1679e-01 6.8601e-01
7.0795e+01 7.0795e+01 3.0000e+00 1.1705e+00 1.5902e-01 1.0000e+06 1.0000e+06 3.0224e+00 6.3110e-01
7.9433e+01 7.9433e+01 2.0000e+00 8.0128e-01 3.9913e-01 1.4805e+00 4.1200e-01 8.3344e-01 4.0122e-01
7.9433e+01 7.9433e+01 2.0000e+00 1.1201e+00 3.7062e-01 1.4000e+00 7.3799e-01 9.8524e-01 7.3799e-01
7.9433e+01 7.9433e+01 2.0000e+00 1.8763e+00 2.8926e-01 1.6956e+00 8.5514e-01 4.5566e+00 3.3563e-01
7.9433e+01 7.9433e+01 2.0000e+00 1.2712e+00 4.4503e-01 1.5031e+00 4.4525e-01 1.8574e+00 4.4231e-01
7.9433e+01 7.9433e+01 2.0000e+00 6.4816e-01 4.1954e-01 1.5806e+00 4.2039e-01 4.0334e+00 4.2311e-01
7.9433e+01 7.9433e+01 2.0000e+00 1.4386e+00 2.8699e-01 1.5177e+00 1.3112e+00 3.1359e+00 5.3499e-01
7.9433e+01 7.9433e+01 2.0000e+00 2.5171e+00 2.0994e-01 6.7940e+00 2.6258e-01 7.1469e+00 8.9676e-01
7.9433e+01 7.9433e+01 2.0000e+00 1.2653e+00 4.0610e-01 1.4048e+00 4.0616e-01 1.9982e+00 3.9299e-01
7.9433e+01 7.9433e+01 2.0000e+00 1.0421e+00 2.3607e-01 1.4178e+00 5.7308e-01 9.7467e-01 5.7308e-01
7.9433e+01 7.9433e+01 2.0000e+00 1.2113e+00 3.3918e-01 1.5225e+00 3.3811e-01 1.2230e+00 3.3594e-01
8.9125e+01 8.9125e+01 1.0000e+00 1.5456e+00 5.6211e-01 1.0262e+01 1.8297e+00 8.6803e+00 1.3850e+00
8.9125e+01 8.9125e+01 1.0000e+00 1.6715e+01 2.6680e-01 2.2859e+01 3.8542e-01 2.8020e+01 5.2827e+00
8.9125e+01 8.9125e+01 1.0000e+00 1.0440e+00 5.0592e-01 1.5743e+00 5.1164e-01 9.7904e-01 5.0854e-01
8.9125e+01 8.9125e+01 1.0000e+00 8.8461e-01 4.8237e-01 2.0379e+00 4.8692e-01 4.4964e+00 5.1645e-01
8.9125e+01 8.9125e+01 1.0000e+00 9.2844e-01 3.9306e-01 1.6035e+00 3.8998e-01 2.0101e+00 4.0191e-01
8.9125e+01 8.9125e+01 1.0000e+00 2.0183e+00 2.6813e-01 1.6816e+00 1.0323e+00 5.3229e+00 1.0323e+00
8.9125e+01 8.9125e+01 1.0000e+00 8.0948e-01 4.7381e-01 1.7413e+00 1.3704e+00 4.0803e+00 1.3704e+00
8.9125e+01 8.9125e+01 1.0000e+00 2.1126e+00 3.5506e-01 8.6764e+00 2.5272e-01 9.5397e+00 7.7141e-01
8.9125e+01 8.9125e+01 1.0000e+00 2.5558e+00 3.6337e-01 1.0000e+06 1.0000e+06 6.3207e+00 9.0975e-01
8.9125e+01 8.9125e+01 1.0000e+00 3.7647e+00 6.5916e-01 9.6408e+00 2.8105e-01 9.6607e+00 6.2624e-01
1.0000e+02 1.0000e+02 0.0000e+00 1.5471e+00 5.0848e-01 1.5757e+00 5.0759e-01 3.6447e+00 5.1574e-01
1.0000e+02 1.0000e+02 0.0000e+00 1.6075e+00 6.6317e-01 1.6148e+00 6.6026e-01 3.0068e+00 6.6010e-01
1.0000e+02 1.0000e+02 0.0000e+00 1.3681e+00 6.7663e-01 1.6824e+00 6.7579e-01 1.3634e+00 2.1295e+00
1.0000e+02 1.0000e+02 0.0000e+00 9.2139e-01 6.2373e-01 1.5664e+00 1.0332e+00 9.7577e-01 1.0332e+00
1.0000e+02 1.0000e+02 0.0000e+00 1.2913e+00 5.4108e-01 1.5332e+00 5.5080e-01 1.2339e+00 5.5023e-01
1.0000e+02 1.0000e+02 0.0000e+00 5.6136e+00 3.4384e-01 1.4487e+01 3.1711e-01 1.5505e+01 1.0654e+00
1.0000e+02 1.0000e+02 0.0000e+00 1.1870e+00 6.2443e-01 1.6306e+00 1.2595e+00 1.3610e+00 1.2595e+00
1.0000e+02 1.0000e+02 0.0000e+00 9.8957e-01 4.3525e-01 1.5899e+00 1.1132e+00 1.0093e+00 1.1132e+00
1.0000e+02 1.0000e+02 0.0000e+00 1.3232e+00 4.7984e-01 1.5896e+00 1.1884e+00 1.0696e+00 1.1884e+00
1.0000e+02 1.0000e+02 0.0000e+00 1.2493e+00 4.7245e-01 1.6733e+00 8.5863e-01 1.3986e+00 8.5863e-01
1.1220e+02 1.1220e+02 -1.0000e+00 7.1425e+00 5.0658e-01 1.5848e+01 2.8940e-01 1.6970e+01 1.2806e+00
1.1220e+02 1.1220e+02 -1.0000e+00 2.2609e+00 9.2213e-01 1.0000e+06 1.0000e+06 6.0081e+00 2.0930e+00
1.1220e+02 1.1220e+02 -1.0000e+00 1.4129e+00 6.4625e-01 1.6202e+00 8.5228e-01 1.2429e+00 8.5228e-01
1.1220e+02 1.1220e+02 -1.0000e+00 1.2902e+00 6.5296e-01 1.6624e+00 6.5325e-01 1.2589e+00 6.5182e-01
1.1220e+02 1.1220e+02 -1.0000e+00 1.3157e+00 5.5707e-01 1.5164e+00 5.5829e-01 1.2619e+00 5.5751e-01
1.1220e+02 1.1220e+02 -1.0000e+00 2.6600e+00 3.8619e-01 1.0000e+06 1.0000e+06 7.7311e+00 9.2418e-01
1.1220e+02 1.1220e+02 -1.0000e+00 1.3710e+00 7.4473e-01 1.0000e+06 1.0000e+06 1.9303e+00 2.2684e+00
1.1220e+02 1.1220e+02 -1.0000e+00 6.7129e+00 5.0185e-01 1.0000e+06 1.0000e+06 1.2830e+01 6.3419e-01
1.1220e+02 1.1220e+02 -1.0000e+00 1.0037e+00 8.5253e-01 1.7796e+00 8.5588e-01 4.9084e+00 8.9408e-01
1.1220e+02 1.1220e+02 -1.0000e+00 1.4581e+00 7.3056e-01 1.6007e+00 7.2845e-01 1.7037e+00 7.3307e-01
1.2589e+02 1.2589e+02 -2.0000e+00 1.4805e+00 9.3697e-01 1.8936e+00 1.4616e+00 1.5837e+00 1.4616e+00
1.2589e+02 1.2589e+02 -2.0000e+00 9.1330e-01 8.7301e-01 1.8454e+00 8.7839e-01 5.5643e+00 9.3484e-01
1.2589e+02 1.2589e+02 -2.0000e+00 1.5640e+00 1.0166e+00 1.7701e+00 1.0261e+00 1.5239e+00 1.0191e+00
1.2589e+02 1.2589e+02 -2.0000e+00 1.0496e+00 1.2202e+00 2.4391e+00 1.1939e+00 7.4016e+00 1.2629e+00
1.2589e+02 1.2589e+02 -2.0000e+00 2.0393e+00 7.1680e-01 1.9081e+00 2.5485e+00 6.6544e+00 2.5485e+00
1.2589e+02 1.2589e+02 -2.0000e+00 6.8754e-01 6.7986e-01 2.0763e+00 6.6868e-01 4.5039e+00 7.5707e-01
1.2589e+02 1.2589e+02 -2.0000e+00 1.2579e+01 7.4271e-01 2.1814e+01 2.8090e-01 2.2622e+01 1.6780e+00
1.2589e+02 1.2589e+02 -2.0000e+00 8.6500e+00 6.5977e-01 1.8137e+01 3.2339e-01 2.2207e+01 2.0713e+00
1.2589e+02 1.2589e+02 -2.0000e+00 8.1898e+00 9.1945e-01 1.7140e+01 2.6921e-01 1.7377e+01 9.1349e-01
1.2589e+02 1.2589e+02 -2.0000e+00 7.7663e-01 1.1366e+00 2.1877e+00 1.1176e+00 5.7451e+00 1.1967e+00
1.4125e+02 1.4125e+02 -3.0000e+00 3.4590e+00 9.5366e-01 1.2373e+01 3.0333e-01 1.0210e+01 1.5667e+00
1.4125e+02 1.4125e+02 -3.0000e+00 1.5087e+00 1.2450e+00 1.0000e+06 1.0000e+06 2.1228e+00 3.5509e+00
1.4125e+02 1.4125e+02 -3.0000e+00 7.9261e+00 1.2230e+00 1.9466e+01 3.1419e-01 1.7674e+01 1.3012e+00
1.4125e+02 1.4125e+02 -3.0000e+00 3.4849e+00 1.0521e+00 2.3575e+00 1.0450e+00 9.3784e+00 2.5369e+00
1.4125e+02 1.4125e+02 -3.0000e+00 8.0564e-01 9.1169e-01 2.2106e+00 9.1730e-01 7.0963e+00 9.4209e-01
1.4125e+02 1.4125e+02 -3.0000e+00 5.7288e+00 7.2012e-01 1.0000e+06 1.0000e+06 1.4405e+01 1.4116e+00
1.4125e+02 1.4125e+02 -3.0000e+00 8.3923e-01 9.3131e-01 2.3045e+00 9.0333e-01 7.1581e+00 1.0281e+00
1.4125e+02 1.4125e+02 -3.0000e+00 9.5371e-01 2.0188e+00 2.5549e+00 2.0059e+00 9.0038e+00 1.9967e+00
1.4125e+02 1.4125e+02 -3.0000e+00 1.2158e+00 1.1821e+00 1.9409e+00 1.1702e+00 1.9600e+00 1.1084e+00
1.4125e+02 1.4125e+02 -3.0000e+00 2.2158e+00 1.5247e+00 2.3619e+00 1.5360e+00 4.1326e+00 1.5574e+00
1.5849e+02 1.5849e+02 -4.0000e+00 2.5789e+00 1.1184e+00 2.1549e+00 1.1103e+00 3.1288e+00 1.1370e+00
1.5849e+02 1.5849e+02 -4.0000e+00 1.8405e+00 1.4091e+00 1.8507e+00 1.4074e+00 2.6743e+00 1.4402e+00
1.5849e+02 1.5849e+02 -4.0000e+00 6.4183e+00 7.7328e-01 1.9173e+01 3.1853e-01 1.9692e+01 1.8389e+00
1.5849e+02 1.5849e+02 -4.0000e+00 2.0134e+00 1.1113e+00 1.4669e+01 3.2839e-01 1.5113e+01 2.0764e+00
1.5849e+02 1.5849e+02 -4.0000e+00 1.5070e+00 1.4686e+00 1.9537e+00 1.4690e+00 1.4879e+00 1.8926e+00
1.5849e+02 1.5849e+02 -4.0000e+00 1.3782e+00 1.2994e+00 2.3275e+00 2.6753e+00 8.7356e+00 2.6753e+00
1.5849e+02 1.5849e+02 -4.0000e+00 1.9379e+00 1.6110e+00 1.9859e+00 1.6203e+00 1.9782e+00 1.6407e+00
1.5849e+02 1.5849e+02 -4.0000e+00 1.3157e+00 1.6134e+00 2.6240e+00 1.5997e+00 9.8730e+00 1.8574e+00
1.5849e+02 1.5849e+02 -4.0000e+00 1.6515e+00 1.4706e+00 1.9929e+00 1.8424e+00 2.7269e+00 1.8424e+00
1.5849e+02 1.5849e+02 -4.0000e+00 1.6976e+00 2.0323e+00 2.0258e+00 2.0362e+00 2.0103e+00 2.1042e+00
1.7783e+02 1.7783e+02 -5.0000e+00 1.8729e+00 1.7281e+00 2.2494e+00 1.7206e+00 2.2929e+00 1.7405e+00
1.7783e+02 1.7783e+02 -5.0000e+00 5.9316e+00 2.9006e+00 2.8577e+00 2.8825e+00 1.5504e+01 2.7497e+00
1.7783e+02 1.7783e+02 -5.0000e+00 1.1068e+01 2.0038e+00 1.0000e+06 1.0000e+06 2.7251e+01 1.9617e+00
1.7783e+02 1.7783e+02 -5.0000e+00 2.7750e+00 1.4687e+00 2.1754e+00 1.4487e+00 5.5096e+00 1.4989e+00
1.7783e+02 1.7783e+02 -5.0000e+00 2.4250e+00 1.3305e+00 2.0283e+00 3.3378e+00 4.4921e+00 3.3378e+00
1.7783e+02 1.7783e+02 -5.0000e+00 1.8043e+00 2.3184e+00 2.2591e+00 2.3161e+00 1.8777e+00 2.3432e+00
1.7783e+02 1.7783e+02 -5.0000e+00 1.1442e+00 2.1238e+00 2.6572e+00 2.1335e+00 8.2940e+00 2.1299e+00
1.7783e+02 1.7783e+02 -5.0000e+00 2.1401e+00 1.5265e+00 2.3296e+00 1.5279e+00 2.3365e+00 1.5586e+00
1.7783e+02 1.7783e+02 -5.0000e+00 2.2230e+00 1.1288e+00 2.0210e+00 3.1432e+00 2.9599e+00 3.3209e+00
1.7783e+02 1.7783e+02 -5.0000e+00 7.7244e-01 1.7399e+00 2.6238e+00 1.7228e+00 7.9394e+00 1.8973e+00
1.9953e+02 1.9953e+02 -6.0000e+00 1.8109e+00 2.2970e+00 2.3336e+00 2.3043e+00 1.7027e+00 2.2785e+00
1.9953e+02 1.9953e+02 -6.0000e+00 7.0297e+00 2.8609e+00 3.1029e+00 2.9320e+00 1.8898e+01 3.0495e+00
1.9953e+02 1.9953e+02 -6.0000e+00 2.1336e+00 1.9483e+00 2.2708e+00 1.9478e+00 2.8760e+00 1.9836e+00
1.9953e+02 1.9953e+02 -6.0000e+00 2.3956e+00 2.2501e+00 2.7008e+00 2.2510e+00 2.8892e+00 2.3215e+00
1.9953e+02 1.9953e+02 -6.0000e+00 1.6238e+00 2.3942e+00 2.5920e+00 2.3967e+00 2.3945e+00 2.4671e+00
1.9953e+02 1.9953e+02 -6.0000e+00 4.5148e+00 2.1767e+00 2.6570e+00 2.2102e+00 1.1129e+01 2.1848e+00
1.9953e+02 1.9953e+02 -6.0000e+00 4.3322e+00 2.9631e+00 2.7028e+00 2.9736e+00 1.3578e+01 2.8745e+00
1.9953e+02 1.9953e+02 -6.0000e+00 1.6507e+00 1.8060e+00 2.5051e+00 1.8068e+00 1.8818e+00 1.7863e+00
1.9953e+02 1.9953e+02 -6.0000e+00 2.6380e+00 1.8306e+00 2.2179e+00 1.8248e+00 7.7449e+00 1.8970e+00
1.9953e+02 1.9953e+02 -6.0000e+00 3.2107e+00 2.5830e+00 2.7576e+00 2.5723e+00 1.1314e+01 2.5979e+00
2.2387e+02 2.2387e+02 -7.0000e+00 2.3000e+00 2.9006e+00 2.5383e+00 2.8958e+00 3.6899e+00 2.9316e+00
2.2387e+02 2.2387e+02 -7.0000e+00 2.9925e+00 3.0411e+00 2.6612e+00 3.0437e+00 1.2939e+01 3.2816e+00
2.2387e+02 2.2387e+02 -7.0000e+00 2.1356e+00 2.4601e+00 2.2674e+00 2.4565e+00 2.3336e+00 2.4426e+00
2.2387e+02 2.2387e+02 -7.0000e+00 5.9246e+00 3.5327e+00 3.4142e+00 3.4810e+00 1.5516e+01 3.4707e+00
2.2387e+02 2.2387e+02 -7.0000e+00 3.0681e+00 1.9363e+00 2.5348e+00 1.9281e+00 3.0576e+00 1.9694e+00
2.2387e+02 2.2387e+02 -7.0000e+00 2.3606e+00 3.4824e+00 2.5307e+00 3.4883e+00 2.4126e+00 3.4855e+00
2.2387e+02 2.2387e+02 -7.0000e+00 2.1293e+00 2.9476e+00 2.5053e+00 2.9481e+00 4.3002e+00 2.9771e+00
2.2387e+02 2.2387e+02 -7.0000e+00 3.9835e+00 2.4349e+00 2.1012e+01 2.6305e+00 2.1005e+01 2.6312e+00
2.2387e+02 2.2387e+02 -7.0000e+00 3.2832e+00 3.4026e+00 3.1407e+00 3.4038e+00 2.9894e+00 3.4203e+00
2.2387e+02 2.2387e+02 -7.0000e+00 9.5267e+00 2.9897e+00 2.4313e+01 3.1270e+00 2.4398e+01 3.1278e+00
2.5119e+02 2.5119e+02 -8.0000e+00 2.5654e+00 3.7938e+00 2.7339e+00 3.8011e+00 2.6725e+00 3.8594e+00
2.5119e+02 2.5119e+02 -8.0000e+00 1.4447e+00 4.1954e+00 3.1966e+00 4.1838e+00 2.6293e+00 4.1372e+00
2.5119e+02 2.5119e+02 -8.0000e+00 4.1298e+00 3.2749e+00 2.2739e+01 3.4308e+00 2.2814e+01 3.4671e+00
2.5119e+02 2.5119e+02 -8.0000e+00 4.9953e+00 3.8342e+00 3.7398e+00 3.8270e+00 1.0033e+01 3.8940e+00
2.5119e+02 2.5119e+02 -8.0000e+00 2.8196e+00 4.1477e+00 2.9688e+00 4.1487e+00 2.9844e+00 4.1759e+00
2.5119e+02 2.5119e+02 -8.0000e+00 1.7272e+00 2.7943e+00 2.7171e+00 2.7937e+00 5.0226e+00 2.8074e+00
2.5119e+02 2.5119e+02 -8.0000e+00 1.3050e+00 3.8930e+00 3.0204e+00 3.8894e+00 7.6314e+00 3.9325e+00
2.5119e+02 2.5119e+02 -8.0000e+00 5.2371e+00 3.2036e+00 3.1746e+00 3.1631e+00 1.0656e+01 3.3274e+00
2.5119e+02 2.5119e+02 -8.0000e+00 2.3018e+00 3.6677e+00 2.5412e+00 3.6645e+00 2.4510e+00 3.7087e+00
2.5119e+02 2.5119e+02 -8.0000e+00 2.6609e+00 3.8191e+00 2.6531e+00 3.8206e+00 2.6720e+00 3.8328e+00
2.8184e+02 2.8184e+02 -9.0000e+00 2.8279e+00 2.7329e+00 2.9046e+00 2.7161e+00 5.6704e+00 2.8301e+00
2.8184e+02 2.8184e+02 -9.0000e+00 1.2045e+01 4.2940e+00 1.0000e+06 1.0000e+06 3.1049e+01 5.1074e+00
2.8184e+02 2.8184e+02 -9.0000e+00 2.4219e+00 5.1002e+00 2.6575e+00 5.1027e+00 3.1570e+00 5.3033e+00
2.8184e+02 2.8184e+02 -9.0000e+00 1.0635e+00 2.9748e+00 1.0000e+06 1.0000e+06 1.9867e+01 3.2509e+00
2.8184e+02 2.8184e+02 -9.0000e+00 4.1931e+00 5.4926e+00 3.1586e+00 5.4621e+00 6.6384e+00 5.9539e+00
2.8184e+02 2.8184e+02 -9.0000e+00 3.9359e+00 5.0713e+00 3.2004e+00 5.0774e+00 3.2220e+00 5.1940e+00
2.8184e+02 2.8184e+02 -9.0000e+00 3.4238e+00 4.5438e+00 2.8675e+00 4.5257e+00 5.0471e+00 4.6930e+00
2.8184e+02 2.8184e+02 -9.0000e+00 1.0039e+01 5.0008e+00 3.3506e+01 5.5368e+00 3.3511e+01 5.5400e+00
2.8184e+02 2.8184e+02 -9.0000e+00 1.7610e+00 3.7566e+00 3.3279e+00 3.7879e+00 1.0048e+01 4.0334e+00
2.8184e+02 2.8184e+02 -9.0000e+00 3.9457e+00 4.6918e+00 3.3446e+00 4.6938e+00 4.9455e+00 4.9266e+00
3.1623e+02 3.1623e+02 -1.0000e+01 9.1891e+00 5.7081e+00 4.4301e+00 5.5847e+00 2.4696e+01 6.3837e+00
3.1623e+02 3.1623e+02 -1.0000e+01 8.6209e-01 4.1023e+00 2.4886e+01 4.3390e+00 2.4891e+01 4.3383e+00
3.1623e+02 3.1623e+02 -1.0000e+01 2.6331e+00 4.6545e+00 3.1903e+00 4.6386e+00 2.5619e+00 4.6348e+00
3.1623e+02 3.1623e+02 -1.0000e+01 3.0390e+00 6.7136e+00 2.8210e+00 6.7110e+00 3.3158e+00 6.8586e+00
3.1623e+02 3.1623e+02 -1.0000e+01 1.5619e+00 4.2874e+00 3.5719e+00 4.2314e+00 1.2018e+01 4.4128e+00
3.1623e+02 3.1623e+02 -1.0000e+01 7.7132e+00 5.4915e+00 2.9513e+01 6.1931e+00 2.8066e+01 6.0621e+00
3.1623e+02 3.1623e+02 -1.0000e+01 6.7592e+00 5.5528e+00 1.0000e+06 1.0000e+06 1.2448e+01 5.9361e+00
3.1623e+02 3.1623e+02 -1.0000e+01 1.5275e+00 6.6389e+00 4.0024e+00 6.5769e+00 1.4077e+01 6.7187e+00
3.1623e+02 3.1623e+02 -1.0000e+01 5.3496e+00 5.5860e+00 3.5325e+00 5.5452e+00 1.3489e+01 5.8515e+00
3.1623e+02 3.1623e+02 -1.0000e+01 8.7056e+00 6.5475e+00 3.2483e+01 6.6081e+00 2.9673e+01 6.4908e+00
3.5481e+02 3.5481e+02 -1.1000e+01 1.6435e+00 7.5851e+00 4.3190e+00 7.4239e+00 1.3829e+01 8.1616e+00
3.5481e+02 3.5481e+02 -1.1000e+01 3.6416e+00 6.1938e+00 3.6136e+00 6.1952e+00 3.6354e+00 6.3003e+00
3.5481e+02 3.5481e+02 -1.1000e+01 1.0208e+01 7.0009e+00 3.3221e+01 7.5187e+00 3.3230e+01 7.5206e+00
3.5481e+02 3.5481e+02 -1.1000e+01 6.2571e+00 6.8087e+00 4.2534e+00 6.7730e+00 1.4663e+01 7.3202e+00
3.5481e+02 3.5481e+02 -1.1000e+01 5.9027e+00 6.1734e+00 4.3225e+00 6.1786e+00 1.9025e+01 6.4241e+00
3.5481e+02 3.5481e+02 -1.1000e+01 5.1163e+00 6.3363e+00 1.0000e+06 1.0000e+06 1.3357e+01 6.5247e+00
3.5481e+02 3.5481e+02 -1.1000e+01 3.2618e+00 5.6648e+00 3.6131e+00 5.6694e+00 4.1726e+00 5.6687e+00
3.5481e+02 3.5481e+02 -1.1000e+01 5.2278e+00 6.2260e+00 3.9146e+00 6.2269e+00 1.0293e+01 6.3310e+00
3.5481e+02 3.5481e+02 -1.1000e+01 3.7631e+00 5.8996e+00 3.6692e+00 5.9159e+00 1.2174e+01 6.0177e+00
3.5481e+02 3.5481e+02 -1.1000e+01 5.5788e+00 4.6281e+00 1.0000e+06 1.0000e+06 1.7698e+01 4.8684e+00
3.9811e+02 3.9811e+02 -1.2000e+01 3.5611e+00 7.4131e+00 3.7668e+00 7.4114e+00 3.1746e+00 7.4098e+00
3.9811e+02 3.9811e+02 -1.2000e+01 3.0939e+00 8.7735e+00 4.1571e+00 8.7685e+00 3.1779e+00 8.7719e+00
3.9811e+02 3.9811e+02 -1.2000e+01 4.1587e+00 6.6269e+00 4.0347e+00 6.6137e+00 5.2899e+00 6.6200e+00
3.9811e+02 3.9811e+02 -1.2000e+01 7.7162e+00 9.4726e+00 4.8843e+00 9.4460e+00 2.7067e+01 9.7937e+00
3.9811e+02 3.9811e+02 -1.2000e+01 3.4741e+00 1.0062e+01 5.4857e+00 1.0100e+01 2.5617e+01 9.6972e+00
3.9811e+02 3.9811e+02 -1.2000e+01 3.6898e+00 6.5541e+00 4.6874e+00 6.5560e+00 1.6297e+01 6.8870e+00
3.9811e+02 3.9811e+02 -1.2000e+01 1.0891e+01 9.5018e+00 5.0984e+00 9.4409e+00 3.2703e+01 9.5896e+00
3.9811e+02 3.9811e+02 -1.2000e+01 2.3429e+00 5.0991e+00 3.7876e+00 5.0882e+00 6.0813e+00 5.2139e+00
3.9811e+02 3.9811e+02 -1.2000e+01 6.0098e+00 8.0812e+00 4.6328e+00 8.0790e+00 1.3599e+01 9.0970e+00
3.9811e+02 3.9811e+02 -1.2000e+01 3.9772e+00 8.9549e+00 4.0247e+00 8.9470e+00 4.0520e+00 8.9642e+00
4.4668e+02 4.4668e+02 -1.3000e+01 2.6985e+00 7.9221e+00 5.2109e+00 7.9543e+00 2.6131e+01 7.7559e+00
4.4668e+02 4.4668e+02 -1.3000e+01 4.5881e+00 8.3006e+00 4.0199e+00 8.2871e+00 5.3177e+00 8.3664e+00
4.4668e+02 4.4668e+02 -1.3000e+01 6.3485e+00 9.5521e+00 4.4008e+00 9.5544e+00 1.8226e+01 9.6237e+00
4.4668e+02 4.4668e+02 -1.3000e+01 4.6397e+00 9.5491e+00 4.5653e+00 9.5718e+00 5.3167e+00 9.5174e+00
4.4668e+02 4.4668e+02 -1.3000e+01 1.8059e+01 1.2066e+01 5.0699e+01 1.2326e+01 5.0828e+01 1.2305e+01
4.4668e+02 4.4668e+02 -1.3000e+01 2.5395e+00 8.4830e+00 4.9428e+00 8.4912e+00 9.3822e+00 8.8705e+00
4.4668e+02 4.4668e+02 -1.3000e+01 3.2929e+01 1.0501e+01 6.3965e+01 1.1007e+01 6.4396e+01 1.1003e+01
4.4668e+02 4.4668e+02 -1.3000e+01 4.1369e+00 1.0964e+01 4.0460e+00 1.0946e+01 4.1278e+00 1.0951e+01
4.4668e+02 4.4668e+02 -1.3000e+01 1.0819e+01 9.5214e+00 5.3682e+00 9.4288e+00 3.9695e+01 1.0287e+01
4.4668e+02 4.4668e+02 -1.3000e+01 5.5813e+00 1.0253e+01 4.5811e+00 1.0230e+01 2.1324e+01 1.0466e+01
5.0119e+02 5.0119e+02 -1.4000e+01 6.9538e+00 1.1980e+01 5.0098e+00 1.2009e+01 2.3491e+01 1.1955e+01
5.0119e+02 5.0119e+02 -1.4000e+01 9.9380e+00 8.5752e+00 5.3560e+00 8.6340e+00 2.8128e+01 8.6547e+00
5.0119e+02 5.0119e+02 -1.4000e+01 3.5723e+01 1.0163e+01 7.2318e+01 1.1277e+01 8.1724e+01 1.1399e+01
5.0119e+02 5.0119e+02 -1.4000e+01 3.1372e+00 1.1921e+01 4.7364e+00 1.1894e+01 3.4635e+00 1.2098e+01
5.0119e+02 5.0119e+02 -1.4000e+01 4.5097e+00 1.2923e+01 4.2739e+00 1.2933e+01 4.3935e+00 1.3141e+01
5.0119e+02 5.0119e+02 -1.4000e+01 4.6713e+00 1.1242e+01 4.8253e+00 1.1240e+01 4.2696e+00 1.1385e+01
5.0119e+02 5.0119e+02 -1.4000e+01 7.8680e+01 1.6040e+01 1.3959e+02 1.6650e+01 1.3961e+02 1.6652e+01
5.0119e+02 5.0119e+02 -1.4000e+01 5.2658e+00 1.0913e+01 4.4731e+00 1.0898e+01 6.9450e+00 1.1999e+01
5.0119e+02 5.0119e+02 -1.4000e+01 1.0093e+01 1.5828e+01 8.1844e+00 1.5705e+01 3.2793e+01 1.5814e+01
5.0119e+02 5.0119e+02 -1.4000e+01 3.8878e+00 7.1702e+00 3.8356e+00 7.1776e+00 5.4790e+00 7.1607e+00
5.6234e+02 5.6234e+02 -1.5000e+01 2.7116e+00 1.1195e+01 5.6919e+00 1.1170e+01 2.2534e+01 1.1532e+01
5.6234e+02 5.6234e+02 -1.5000e+01 6.2121e+00 1.4586e+01 5.9645e+00 1.4545e+01 5.5901e+00 1.4759e+01
5.6234e+02 5.6234e+02 -1.5000e+01 1.0239e+01 1.8325e+01 5.9379e+00 1.8238e+01 2.8753e+01 1.8140e+01
5.6234e+02 5.6234e+02 -1.5000e+01 4.6385e+00 1.1962e+01 5.1569e+00 1.1948e+01 4.4070e+00 1.1973e+01
5.6234e+02 5.6234e+02 -1.5000e+01 2.7856e+01 1.2361e+01 9.9999e+05 1.0000e+06 6.4852e+01 1.4189e+01
5.6234e+02 5.6234e+02 -1.5000e+01 1.4652e+00 1.1658e+01 6.2232e+00 1.1600e+01 2.2768e+01 1.2341e+01
5.6234e+02 5.6234e+02 -1.5000e+01 4.9181e+00 9.5394e+00 5.5273e+00 9.5308e+00 5.5569e+00 9.5399e+00
5.6234e+02 5.6234e+02 -1.5000e+01 7.2102e+00 1.4036e+01 5.4783e+00 1.4048e+01 1.0088e+01 1.4391e+01
5.6234e+02 5.6234e+02 -1.5000e+01 3.3376e+00 1.1348e+01 4.7568e+00 1.1349e+01 5.8902e+00 1.1365e+01
5.6234e+02 5.6234e+02 -1.5000e+01 3.1222e+01 1.2854e+01 6.1667e+01 1.3666e+01 6.1949e+01 1.3678e+01
6.3096e+02 6.3096e+02 -1.6000e+01 8.1172e+00 1.3284e+01 5.7008e+00 1.3230e+01 1.7400e+01 1.3733e+01
6.3096e+02 6.3096e+02 -1.6000e+01 2.5287e+01 2.0431e+01 7.6954e+01 2.3293e+01 9.4235e+01 2.5871e+01
6.3096e+02 6.3096e+02 -1.6000e+01 5.2575e+00 1.4463e+01 5.9939e+00 1.4428e+01 6.6676e+00 1.4409e+01
6.3096e+02 6.3096e+02 -1.6000e+01 7.0648e+00 1.7200e+01 5.8261e+00 1.7229e+01 2.1508e+01 1.7372e+01
6.3096e+02 6.3096e+02 -1.6000e+01 2.9154e+01 2.6002e+01 9.3149e+00 2.4812e+01 6.9322e+01 3.0732e+01
6.3096e+02 6.3096e+02 -1.6000e+01 2.9067e+00 1.2618e+01 4.8626e+00 1.2499e+01 3.5522e+00 1.2735e+01
6.3096e+02 6.3096e+02 -1.6000e+01 6.0589e+00 1.0067e+01 4.7138e+01 1.1215e+01 5.0051e+01 1.1354e+01
6.3096e+02 6.3096e+02 -1.6000e+01 2.4245e+01 1.9972e+01 9.2703e+00 2.0026e+01 6.0442e+01 2.1600e+01
6.3096e+02 6.3096e+02 -1.6000e+01 5.6219e+00 1.4445e+01 5.2905e+00 1.4426e+01 5.6984e+00 1.4827e+01
6.3096e+02 6.3096e+02 -1.6000e+01 1.8098e+00 1.3661e+01 6.5311e+00 1.3405e+01 3.5771e+01 1.3854e+01
7.0795e+02 7.0795e+02 -1.7000e+01 9.0141e+00 1.9452e+01 5.6567e+01 2.0563e+01 5.7354e+01 2.1693e+01
7.0795e+02 7.0795e+02 -1.7000e+01 2.8811e+00 2.2280e+01 7.1749e+00 2.2066e+01 3.5329e+01 2.3184e+01
7.0795e+02 7.0795e+02 -1.7000e+01 6.8263e+00 2.2563e+01 6.2602e+00 2.2538e+01 6.7266e+00 2.3094e+01
7.0795e+02 7.0795e+02 -1.7000e+01 2.1681e+01 1.8415e+01 9.7002e+00 1.8128e+01 6.7679e+01 1.9199e+01
7.0795e+02 7.0795e+02 -1.7000e+01 6.0745e+00 1.7451e+01 5.4754e+00 1.7407e+01 6.1273e+00 1.7775e+01
7.0795e+02 7.0795e+02 -1.7000e+01 1.2221e+01 1.9290e+01 8.1653e+00 1.9252e+01 4.5793e+01 2.0072e+01
7.0795e+02 7.0795e+02 -1.7000e+01 5.6046e+01 2.2129e+01 1.0494e+02 2.6733e+01 1.0599e+02 2.6436e+01
7.0795e+02 7.0795e+02 -1.7000e+01 6.3593e+00 1.5928e+01 6.1390e+00 1.5899e+01 6.9759e+00 1.6370e+01
7.0795e+02 7.0795e+02 -1.7000e+01 5.5086e+00 1.6484e+01 6.3474e+00 1.6587e+01 6.4056e+00 1.6508e+01
7.0795e+02 7.0795e+02 -1.7000e+01 9.9284e+00 1.9459e+01 7.6026e+00 1.9311e+01 2.6859e+01 2.1379e+01
7.9433e+02 7.9433e+02 -1.8000e+01 3.9409e+00 2.3484e+01 7.8821e+00 2.3440e+01 2.7314e+01 2.3331e+01
7.9433e+02 7.9433e+02 -1.8000e+01 7.1441e+00 1.7865e+01 6.4867e+00 1.7936e+01 7.6952e+00 1.8351e+01
7.9433e+02 7.9433e+02 -1.8000e+01 1.7844e+01 2.1858e+01 9.7985e+00 2.1678e+01 5.4488e+01 2.3416e+01
7.9433e+02 7.9433e+02 -1.8000e+01 1.2891e+01 2.2873e+01 8.0859e+00 2.2823e+01 3.3209e+01 2.3871e+01
7.9433e+02 7.9433e+02 -1.8000e+01 3.5715e+00 2.0584e+01 9.0814e+00 2.0522e+01 4.0361e+01 2.0271e+01
7.9433e+02 7.9433e+02 -1.8000e+01 1.1502e+01 2.3414e+01 7.4320e+00 2.3359e+01 3.6357e+01 2.3780e+01
7.9433e+02 7.9433e+02 -1.8000e+01 2.1355e+01 2.0067e+01 1.1139e+01 2.0082e+01 6.9229e+01 2.1075e+01
7.9433e+02 7.9433e+02 -1.8000e+01 1.1977e+01 1.9643e+01 7.2392e+00 1.9649e+01 3.3317e+01 1.9723e+01
7.9433e+02 7.9433e+02 -1.8000e+01 7.2356e+00 1.8095e+01 6.9692e+00 1.8106e+01 7.0472e+00 1.7991e+01
7.9433e+02 7.9433e+02 -1.8000e+01 8.6553e+00 2.3227e+01 7.4139e+00 2.3251e+01 9.4576e+00 2.4286e+01
8.9125e+02 8.9125e+02 -1.9000e+01 8.9819e+00 2.4587e+01 9.5993e+01 2.4705e+01 8.5187e+01 2.6971e+01
8.9125e+02 8.9125e+02 -1.9000e+01 1.9163e+02 5.4727e+01 2.8982e+02 8.0457e+01 2.8982e+02 8.0456e+01
8.9125e+02 8.9125e+02 -1.9000e+01 6.1846e+00 2.7388e+01 9.1074e+00 2.7380e+01 1.3907e+01 2.7722e+01
8.9125e+02 8.9125e+02 -1.9000e+01 1.6215e+01 3.8195e+01 6.6615e+01 4.3150e+01 6.2768e+01 4.2842e+01
8.9125e+02 8.9125e+02 -1.9000e+01 6.6454e+00 2.0130e+01 9.1172e+00 2.0074e+01 2.5643e+01 2.2553e+01
8.9125e+02 8.9125e+02 -1.9000e+01 2.0444e+01 2.6807e+01 9.8375e+00 2.6261e+01 6.0818e+01 3.1879e+01
8.9125e+02 8.9125e+02 -1.9000e+01 2.3441e+00 2.4988e+01 1.0971e+01 2.4623e+01 4.8534e+01 2.6194e+01
8.9125e+02 8.9125e+02 -1.9000e+01 3.3744e+01 3.7983e+01 1.4028e+02 5.1273e+01 1.4024e+02 5.1271e+01
8.9125e+02 8.9125e+02 -1.9000e+01 2.4331e+01 3.5250e+01 8.0503e+01 3.9912e+01 8.0398e+01 3.9547e+01
8.9125e+02 8.9125e+02 -1.9000e+01 5.5753e+01 3.5534e+01 1.2122e+02 3.4412e+01 1.2965e+02 3.7866e+01
1.0000e+03 1.0000e+03 -2.0000e+01 9.8739e+00 2.7750e+01 8.7223e+00 2.7738e+01 8.9633e+00 2.8485e+01
1.0000e+03 1.0000e+03 -2.0000e+01 2.0730e+01 2.1981e+01 1.0027e+01 2.1966e+01 4.7729e+01 2.2303e+01
1.0000e+03 1.0000e+03 -2.0000e+01 3.6970e+01 4.2828e+01 1.0014e+02 4.2980e+01 1.0351e+02 4.3342e+01
1.0000e+03 1.0000e+03 -2.0000e+01 1.4485e+01 2.3431e+01 9.9999e+05 1.0000e+06 3.1804e+01 2.5019e+01
1.0000e+03 1.0000e+03 -2.0000e+01 7.6252e+00 2.1116e+01 8.5289e+00 2.1104e+01 8.4698e+00 2.1327e+01
