# noise_perc_th noise_perc SNR_dB NN_nosym_f1 NN_nosym_f2 NN_postSR_f1_nosym NN_postSR_f2_nosym NN_sym_f1 NN_sym_f2 NN_postSR_f1 NN_postSR_f2 Param_f1 Param_f2
1.0000e+00 1.0000e+00 4.0000e+01 3.0056e-02 4.9035e-02 2.8901e-02 4.0033e-02 1.7735e-02 4.7052e-02 2.7884e-03 4.6863e-02 9.5696e-05 3.9485e-02
1.0000e+00 1.0000e+00 4.0000e+01 3.0478e-02 5.1089e-02 1.6894e-03 4.2582e-02 1.8651e-02 5.0175e-02 1.1411e-03 4.4582e-02 6.9224e-04 4.1713e-02
1.0000e+00 1.0000e+00 4.0000e+01 2.1836e-02 5.1125e-02 1.1843e-02 4.2199e-02 1.2480e-02 4.8123e-02 1.9050e-04 4.2641e-02 1.5537e-03 3.8304e-02
1.0000e+00 1.0000e+00 4.0000e+01 3.3204e-02 4.9012e-02 1.9380e-02 4.5313e-02 1.9250e-02 4.9033e-02 1.4042e-02 4.5050e-02 7.4390e-04 3.6925e-02
1.0000e+00 1.0000e+00 4.0000e+01 4.3626e-02 5.8825e-02 3.6537e-02 4.8814e-02 1.8048e-02 4.8043e-02 1.2368e-02 4.6920e-02 5.9931e-05 3.5685e-02
1.0000e+00 1.0000e+00 4.0000e+01 2.8755e-02 4.6178e-02 1.9528e-02 3.4352e-02 1.9421e-02 4.6446e-02 1.2978e-02 3.7490e-02 2.3508e-04 3.4997e-02
1.0000e+00 1.0000e+00 4.0000e+01 2.8270e-02 4.9364e-02 1.8180e-02 4.6009e-02 2.1173e-02 4.7607e-02 1.5111e-02 3.9910e-02 2.5410e-04 3.6496e-02
1.0000e+00 1.0000e+00 4.0000e+01 3.3363e-02 5.1443e-02 3.4823e-02 4.2926e-02 1.9720e-02 4.7170e-02 1.2983e-02 4.1797e-02 2.8942e-03 3.8154e-02
1.0000e+00 1.0000e+00 4.0000e+01 2.6881e-02 5.3506e-02 1.9930e-02 5.0577e-02 2.0306e-02 5.0118e-02 1.1918e-02 4.3612e-02 2.8095e-03 4.0232e-02
1.0000e+00 1.0000e+00 4.0000e+01 3.2262e-02 5.1250e-02 2.7250e-02 4.0470e-02 2.0069e-02 4.5973e-02 1.4257e-02 3.8440e-02 3.1594e-04 3.6310e-02
1.1220e+00 1.1220e+00 3.9000e+01 3.1414e-02 4.8009e-02 2.4767e-02 3.8184e-02 1.8440e-02 4.5540e-02 1.3299e-02 3.9156e-02 2.1450e-04 3.6054e-02
1.1220e+00 1.1220e+00 3.9000e+01 3.0892e-02 5.0852e-02 2.3820e-02 3.9149e-02 1.7574e-02 4.6423e-02 1.4835e-02 3.9036e-02 9.5140e-04 3.5105e-02
1.1220e+00 1.1220e+00 3.9000e+01 2.7975e-02 4.8444e-02 1.3327e-04 4.4642e-02 1.7681e-02 4.7533e-02 1.9822e-04 4.5960e-02 3.4741e-04 3.8750e-02
1.1220e+00 1.1220e+00 3.9000e+01 3.5814e-02 4.6928e-02 2.2772e-02 3.3156e-02 2.1874e-02 4.4014e-02 1.7945e-02 4.2980e-02 5.7512e-04 3.4425e-02
1.1220e+00 1.1220e+00 3.9000e+01 3.3720e-02 4.7254e-02 1.9908e-02 3.5942e-02 2.0722e-02 4.6092e-02 1.5153e-02 4.5821e-02 5.2064e-04 3.7509e-02
1.1220e+00 1.1220e+00 3.9000e+01 3.3396e-02 4.7998e-02 1.5866e-02 4.3067e-02 1.8532e-02 4.6937e-02 1.2967e-02 4.4996e-02 2.0745e-03 4.0341e-02
1.1220e+00 1.1220e+00 3.9000e+01 3.9076e-02 5.5641e-02 2.0390e-02 4.5995e-02 1.9095e-02 4.7491e-02 3.7831e-05 4.1777e-02 2.1409e-03 3.7814e-02
1.1220e+00 1.1220e+00 3.9000e+01 3.5186e-02 5.2246e-02 2.1360e-02 4.3171e-02 2.5161e-02 4.9333e-02 3.8800e-04 4.3299e-02 3.2573e-03 3.9860e-02
1.1220e+00 1.1220e+00 3.9000e+01 3.2759e-02 4.8742e-02 2.1449e-02 3.8678e-02 2.3911e-02 4.6164e-02 1.6121e-02 4.4324e-02 9.6599e-04 3.5343e-02
1.1220e+00 1.1220e+00 3.9000e+01 3.0289e-02 4.9149e-02 2.2514e-02 4.0924e-02 1.8035e-02 4.6983e-02 8.8915e-03 4.6104e-02 6.7262e-04 4.1637e-02
1.2589e+00 1.2589e+00 3.8000e+01 2.9358e-02 4.9276e-02 1.6945e-03 3.8668e-02 2.0789e-02 4.6766e-02 5.0430e-04 4.4298e-02 2.4557e-04 3.9172e-02
1.2589e+00 1.2589e+00 3.8000e+01 3.8149e-02 5.8625e-02 1.9880e-02 5.3203e-02 2.0153e-02 4.9584e-02 1.0045e-02 4.7725e-02 3.2831e-03 4.1958e-02
1.2589e+00 1.2589e+00 3.8000e+01 2.3640e-02 5.0676e-02 1.5399e-02 3.9132e-02 1.6151e-02 4.8906e-02 1.2116e-02 4.7097e-02 1.0097e-03 4.0960e-02
1.2589e+00 1.2589e+00 3.8000e+01 3.1711e-02 4.6263e-02 2.0911e-02 3.8171e-02 2.1780e-02 4.5065e-02 1.5269e-02 4.3446e-02 8.1736e-04 3.7964e-02
1.2589e+00 1.2589e+00 3.8000e+01 3.4608e-02 4.8358e-02 1.3753e-02 4.3901e-02 2.2313e-02 4.7224e-02 1.4359e-02 3.7916e-02 1.2974e-03 3.4215e-02
1.2589e+00 1.2589e+00 3.8000e+01 3.0091e-02 5.0479e-02 1.9624e-02 1.9080e-02 2.0351e-02 4.7544e-02 2.3979e-03 3.9342e-02 7.9444e-04 3.7910e-02
1.2589e+00 1.2589e+00 3.8000e+01 3.9543e-02 4.6204e-02 2.8670e-02 3.5150e-02 2.4957e-02 4.5813e-02 7.3273e-04 3.9011e-02 8.6362e-04 3.6500e-02
1.2589e+00 1.2589e+00 3.8000e+01 3.5492e-02 5.5495e-02 2.2010e-02 4.8424e-02 1.6578e-02 4.9068e-02 8.8224e-03 4.4941e-02 9.3418e-04 4.0501e-02
1.2589e+00 1.2589e+00 3.8000e+01 3.2773e-02 5.3148e-02 2.7296e-02 4.9556e-02 2.1314e-02 5.0095e-02 1.4611e-02 4.5590e-02 4.1393e-04 3.7996e-02
1.2589e+00 1.2589e+00 3.8000e+01 3.3422e-02 5.1179e-02 1.2599e-02 3.7391e-02 1.8089e-02 4.8514e-02 1.0485e-03 4.7189e-02 7.9722e-04 3.8698e-02
1.4125e+00 1.4125e+00 3.7000e+01 3.3481e-02 5.2315e-02 6.8357e-03 4.6085e-02 2.1313e-02 4.5006e-02 1.2510e-02 4.3863e-02 5.1511e-03 3.1423e-02
1.4125e+00 1.4125e+00 3.7000e+01 4.8844e-02 6.2594e-02 4.3399e-02 5.0368e-02 2.5543e-02 5.0397e-02 3.3095e-03 4.8404e-02 3.3681e-04 3.5488e-02
1.4125e+00 1.4125e+00 3.7000e+01 2.6223e-02 5.2317e-02 1.5004e-02 4.4746e-02 1.3705e-02 4.7827e-02 8.4697e-03 4.2429e-02 1.6959e-03 4.1531e-02
1.4125e+00 1.4125e+00 3.7000e+01 5.5292e-02 7.2618e-02 4.5104e-02 6.3439e-02 2.3641e-02 4.8879e-02 2.0640e-03 3.8851e-02 9.8870e-04 3.5370e-02
1.4125e+00 1.4125e+00 3.7000e+01 3.4122e-02 5.3719e-02 2.3357e-02 4.6452e-02 2.1242e-02 5.0845e-02 1.6892e-02 4.2416e-02 1.6141e-03 4.0628e-02
1.4125e+00 1.4125e+00 3.7000e+01 3.6485e-02 5.0193e-02 2.3338e-02 4.0214e-02 2.0837e-02 4.7496e-02 1.2009e-02 4.5125e-02 6.1583e-05 3.6154e-02
1.4125e+00 1.4125e+00 3.7000e+01 2.9345e-02 5.0269e-02 1.0687e-03 4.2833e-02 1.7234e-02 4.7860e-02 1.0142e-03 4.5589e-02 6.3429e-04 4.1315e-02
1.4125e+00 1.4125e+00 3.7000e+01 3.3473e-02 5.3417e-02 1.9649e-02 3.8593e-02 2.0457e-02 5.0793e-02 1.4258e-02 4.7536e-02 6.4725e-04 3.7699e-02
1.4125e+00 1.4125e+00 3.7000e+01 3.4521e-02 5.5534e-02 1.1940e-03 3.8798e-02 1.4905e-02 5.3285e-02 7.4449e-04 5.0751e-02 4.3022e-04 4.2180e-02
1.4125e+00 1.4125e+00 3.7000e+01 3.0453e-02 4.9063e-02 2.2018e-02 4.0036e-02 1.8619e-02 4.8337e-02 1.1185e-02 4.2327e-02 9.7459e-04 3.7248e-02
1.5849e+00 1.5849e+00 3.6000e+01 3.4493e-02 5.0974e-02 6.6646e-03 4.4831e-02 2.5040e-02 5.0686e-02 4.6720e-03 4.8599e-02 1.8330e-03 3.8332e-02
1.5849e+00 1.5849e+00 3.6000e+01 3.6520e-02 5.6037e-02 2.8759e-02 4.7220e-02 2.1189e-02 5.0008e-02 4.2965e-04 4.4028e-02 9.9278e-04 4.1734e-02
1.5849e+00 1.5849e+00 3.6000e+01 3.6471e-02 5.0442e-02 2.0982e-02 4.5363e-02 2.4203e-02 4.4634e-02 1.7616e-02 4.3560e-02 1.2727e-03 3.7592e-02
1.5849e+00 1.5849e+00 3.6000e+01 2.7545e-02 4.8481e-02 1.7293e-02 4.0912e-02 1.8707e-02 4.4019e-02 1.4984e-03 3.8216e-02 5.2531e-04 3.4366e-02
1.5849e+00 1.5849e+00 3.6000e+01 4.2153e-02 5.7391e-02 2.0922e-02 4.4071e-02 2.7229e-02 5.2668e-02 5.2088e-03 4.7858e-02 3.3813e-03 4.1467e-02
1.5849e+00 1.5849e+00 3.6000e+01 3.1291e-02 4.9679e-02 2.4286e-03 3.7028e-02 2.1321e-02 4.4883e-02 1.3899e-02 4.3216e-02 1.5435e-04 3.5482e-02
1.5849e+00 1.5849e+00 3.6000e+01 2.7379e-02 4.9351e-02 2.0594e-02 4.0922e-02 1.6856e-02 4.5360e-02 9.2001e-03 4.1242e-02 3.4141e-03 3.9906e-02
1.5849e+00 1.5849e+00 3.6000e+01 3.5402e-02 5.1168e-02 2.5217e-02 3.8341e-02 1.5351e-02 4.4615e-02 1.0079e-02 3.5529e-02 2.2688e-03 3.2273e-02
1.5849e+00 1.5849e+00 3.6000e+01 3.9866e-02 4.8505e-02 7.4536e-04 3.6311e-02 1.7829e-02 4.7518e-02 1.0775e-02 4.5776e-02 1.4334e-03 3.5836e-02
1.5849e+00 1.5849e+00 3.6000e+01 5.2668e-02 6.4801e-02 3.3075e-02 5.6414e-02 2.8052e-02 4.7169e-02 1.7056e-02 4.2004e-02 2.6521e-03 4.1106e-02
1.7783e+00 1.7783e+00 3.5000e+01 4.4381e-02 5.7400e-02 2.5181e-02 2.2893e-02 2.4296e-02 5.0368e-02 9.3128e-03 4.7835e-02 4.6579e-03 3.3263e-02
1.7783e+00 1.7783e+00 3.5000e+01 4.7506e-02 5.7963e-02 3.1981e-02 3.6088e-02 2.2230e-02 4.6066e-02 9.3414e-05 3.6524e-02 1.8902e-03 3.4991e-02
1.7783e+00 1.7783e+00 3.5000e+01 4.2769e-02 6.6273e-02 3.6776e-02 5.6509e-02 1.0982e-02 5.3263e-02 7.4301e-03 4.4806e-02 2.1565e-03 4.0233e-02
1.7783e+00 1.7783e+00 3.5000e+01 3.7526e-02 5.7227e-02 1.7189e-02 4.4604e-02 1.9856e-02 4.8993e-02 1.3751e-02 4.5563e-02 1.4714e-03 3.9914e-02
1.7783e+00 1.7783e+00 3.5000e+01 3.9435e-02 5.8923e-02 3.7446e-02 4.4845e-02 3.0339e-02 5.0897e-02 2.7425e-02 3.6990e-02 3.3223e-03 3.5458e-02
1.7783e+00 1.7783e+00 3.5000e+01 2.9569e-02 5.4111e-02 4.1701e-06 4.3121e-02 2.0091e-02 5.0124e-02 4.9705e-04 4.7528e-02 1.0254e-03 3.9553e-02
1.7783e+00 1.7783e+00 3.5000e+01 3.9279e-02 5.0749e-02 2.4106e-02 4.0150e-02 2.8226e-02 4.7665e-02 1.1136e-03 4.6598e-02 1.0580e-03 4.1640e-02
1.7783e+00 1.7783e+00 3.5000e+01 4.8740e-02 6.4187e-02 4.2399e-02 5.7122e-02 1.6189e-02 4.5498e-02 1.0895e-02 4.0885e-02 2.6932e-03 3.9494e-02
1.7783e+00 1.7783e+00 3.5000e+01 3.7453e-02 5.3064e-02 2.1702e-02 4.2412e-02 2.0844e-02 4.7706e-02 2.9682e-03 4.1496e-02 1.3062e-03 3.9536e-02
1.7783e+00 1.7783e+00 3.5000e+01 4.2256e-02 5.5173e-02 1.6544e-02 4.3806e-02 2.8423e-02 5.0579e-02 1.6662e-03 4.7326e-02 1.5842e-03 4.2563e-02
1.9953e+00 1.9953e+00 3.4000e+01 4.1900e-02 5.4867e-02 3.0093e-02 4.7604e-02 3.1342e-02 4.9423e-02 2.5046e-02 3.7897e-02 2.1970e-03 3.5319e-02
1.9953e+00 1.9953e+00 3.4000e+01 3.5863e-02 5.8041e-02 5.9109e-04 4.8225e-02 1.8052e-02 5.0478e-02 1.2319e-02 3.8272e-02 5.8645e-04 3.3869e-02
1.9953e+00 1.9953e+00 3.4000e+01 3.9748e-02 5.4043e-02 1.3975e-02 4.5026e-02 2.9408e-02 4.6676e-02 1.3383e-02 4.4566e-02 3.3736e-03 3.2300e-02
1.9953e+00 1.9953e+00 3.4000e+01 2.7941e-02 4.8959e-02 2.5490e-03 4.3726e-02 1.6505e-02 4.6856e-02 1.1803e-03 4.4975e-02 2.9882e-04 3.8436e-02
1.9953e+00 1.9953e+00 3.4000e+01 3.2317e-02 5.1410e-02 1.9544e-02 3.5605e-02 1.8028e-02 4.8778e-02 3.6148e-04 3.8728e-02 2.7582e-04 3.8612e-02
1.9953e+00 1.9953e+00 3.4000e+01 3.4284e-02 5.3633e-02 1.5545e-02 3.9255e-02 2.4276e-02 4.6139e-02 1.7224e-02 4.3674e-02 1.8284e-04 4.2139e-02
1.9953e+00 1.9953e+00 3.4000e+01 4.2279e-02 5.7485e-02 6.6436e-03 2.2832e-02 2.1754e-02 5.1575e-02 4.3691e-03 4.8583e-02 1.0580e-03 4.0872e-02
1.9953e+00 1.9953e+00 3.4000e+01 3.1599e-02 5.1216e-02 1.0970e-03 4.4162e-02 2.2593e-02 4.9516e-02 1.3618e-02 4.5690e-02 1.4313e-03 3.6639e-02
1.9953e+00 1.9953e+00 3.4000e+01 3.3843e-02 5.6481e-02 2.2593e-02 4.0284e-02 2.0491e-02 5.1318e-02 8.0299e-03 4.0235e-02 1.4469e-03 3.6110e-02
1.9953e+00 1.9953e+00 3.4000e+01 3.3382e-02 5.4979e-02 2.0590e-02 4.6114e-02 1.6434e-02 4.7239e-02 1.2773e-02 4.3389e-02 1.0195e-03 3.1785e-02
2.2387e+00 2.2387e+00 3.3000e+01 4.2457e-02 6.6011e-02 1.2582e-03 4.2359e-02 2.0099e-02 5.6842e-02 3.3861e-04 4.7368e-02 2.4110e-03 3.8752e-02
2.2387e+00 2.2387e+00 3.3000e+01 5.0115e-02 5.9934e-02 2.6117e-02 2.0763e-02 1.7966e-02 4.8634e-02 2.1335e-03 3.8040e-02 9.6428e-04 3.4117e-02
2.2387e+00 2.2387e+00 3.3000e+01 6.4356e-02 6.0557e-02 4.8052e-02 3.8929e-02 2.8058e-02 4.4822e-02 1.2820e-03 4.2233e-02 7.5683e-04 3.2314e-02
2.2387e+00 2.2387e+00 3.3000e+01 4.9279e-02 6.5174e-02 2.4932e-02 5.0602e-02 3.2675e-02 5.0558e-02 2.5593e-03 4.4531e-02 5.4669e-03 4.4212e-02
2.2387e+00 2.2387e+00 3.3000e+01 4.3962e-02 6.7260e-02 2.9683e-02 4.7172e-02 2.6603e-02 5.0643e-02 1.4003e-02 4.8490e-02 8.1239e-04 3.7843e-02
2.2387e+00 2.2387e+00 3.3000e+01 3.5310e-02 5.9024e-02 1.0284e-03 4.6554e-02 1.9787e-02 5.3598e-02 1.8217e-03 4.9867e-02 3.1578e-03 4.2151e-02
2.2387e+00 2.2387e+00 3.3000e+01 3.8460e-02 5.5723e-02 3.6756e-03 3.3189e-02 2.3942e-02 5.0074e-02 9.2089e-06 4.2263e-02 1.2930e-03 4.3231e-02
2.2387e+00 2.2387e+00 3.3000e+01 3.1519e-02 4.9068e-02 1.9168e-02 3.6622e-02 2.5478e-02 4.5691e-02 2.2410e-02 5.2260e-02 5.5721e-04 3.7875e-02
2.2387e+00 2.2387e+00 3.3000e+01 4.3329e-02 5.3531e-02 3.6371e-02 3.5920e-02 3.4122e-02 4.5935e-02 2.4696e-02 4.1701e-02 1.1321e-03 3.3589e-02
2.2387e+00 2.2387e+00 3.3000e+01 4.1868e-02 5.3047e-02 5.7059e-03 2.6028e-02 2.8868e-02 4.6023e-02 5.1774e-03 4.4345e-02 3.6233e-03 3.4398e-02
2.5119e+00 2.5119e+00 3.2000e+01 4.7435e-02 6.0622e-02 5.1176e-03 1.4702e-02 3.2660e-02 5.6100e-02 1.2796e-02 4.0741e-02 3.5441e-03 4.3505e-02
2.5119e+00 2.5119e+00 3.2000e+01 3.8967e-02 6.6448e-02 1.3445e-03 4.6939e-02 1.8584e-02 5.2950e-02 1.2053e-03 4.9254e-02 5.1347e-03 4.3072e-02
2.5119e+00 2.5119e+00 3.2000e+01 4.5316e-02 6.7452e-02 2.9828e-02 5.5038e-02 2.0572e-02 5.4047e-02 1.0456e-03 5.0400e-02 1.2647e-04 4.7236e-02
2.5119e+00 2.5119e+00 3.2000e+01 6.5608e-02 7.4929e-02 4.8851e-02 5.0517e-02 3.3650e-02 4.9516e-02 2.4569e-02 4.2486e-02 2.4402e-03 3.3672e-02
2.5119e+00 2.5119e+00 3.2000e+01 4.0629e-02 6.0967e-02 2.3489e-02 4.5495e-02 1.7561e-02 4.7716e-02 7.1541e-04 4.5548e-02 1.4413e-04 3.8354e-02
2.5119e+00 2.5119e+00 3.2000e+01 5.4120e-02 6.9207e-02 3.7879e-02 6.3564e-02 1.8339e-02 4.6233e-02 1.7918e-03 4.1503e-02 3.8974e-03 3.9473e-02
2.5119e+00 2.5119e+00 3.2000e+01 4.4097e-02 5.6021e-02 2.8818e-02 4.5739e-02 2.8470e-02 5.1998e-02 2.1678e-03 4.0524e-02 1.1303e-04 3.5823e-02
2.5119e+00 2.5119e+00 3.2000e+01 4.7882e-02 6.4511e-02 2.4177e-02 5.3586e-02 2.8738e-02 5.0606e-02 3.0097e-03 4.3822e-02 3.1200e-03 4.2332e-02
2.5119e+00 2.5119e+00 3.2000e+01 7.1126e-02 8.3160e-02 6.0517e-02 6.1288e-02 2.4532e-02 4.9820e-02 1.2270e-02 1.9184e-02 3.2449e-03 3.3497e-02
2.5119e+00 2.5119e+00 3.2000e+01 8.7446e-02 9.5606e-02 7.6408e-02 8.6586e-02 2.1189e-02 4.9932e-02 1.7712e-02 4.6254e-02 3.2270e-03 3.8427e-02
2.8184e+00 2.8184e+00 3.1000e+01 4.0304e-02 5.4183e-02 7.4889e-04 4.3650e-02 2.5776e-02 5.1770e-02 5.1143e-04 4.4592e-02 2.6664e-03 4.0656e-02
2.8184e+00 2.8184e+00 3.1000e+01 5.4636e-02 7.2445e-02 3.1646e-02 3.7817e-02 2.3895e-02 5.0262e-02 5.7824e-03 4.7526e-02 4.3451e-03 4.0302e-02
2.8184e+00 2.8184e+00 3.1000e+01 5.2317e-02 6.4705e-02 4.5825e-02 4.5551e-02 1.6991e-02 4.8864e-02 9.5629e-03 4.4164e-02 4.1918e-04 3.5193e-02
2.8184e+00 2.8184e+00 3.1000e+01 3.9556e-02 5.7080e-02 9.6144e-03 3.7504e-02 2.3192e-02 5.1146e-02 7.4908e-03 4.8226e-02 5.1694e-04 4.2342e-02
2.8184e+00 2.8184e+00 3.1000e+01 6.4457e-02 6.0671e-02 4.0209e-02 3.6726e-02 3.2414e-02 5.4946e-02 1.1696e-04 5.3260e-02 5.0791e-03 3.5946e-02
2.8184e+00 2.8184e+00 3.1000e+01 5.2055e-02 6.3949e-02 3.2564e-02 3.9084e-02 2.7706e-02 5.1669e-02 3.9215e-03 5.1683e-02 2.9695e-03 4.3166e-02
2.8184e+00 2.8184e+00 3.1000e+01 3.2327e-02 5.8484e-02 9.9698e-04 3.9568e-02 1.5123e-02 5.3769e-02 8.6819e-03 4.7416e-02 4.4991e-03 4.3143e-02
2.8184e+00 2.8184e+00 3.1000e+01 4.9363e-02 7.0696e-02 2.2118e-02 5.3720e-02 2.3835e-02 5.5642e-02 1.4187e-02 5.0288e-02 5.5887e-03 4.2481e-02
2.8184e+00 2.8184e+00 3.1000e+01 4.2583e-02 6.2718e-02 2.2744e-02 4.9322e-02 2.3672e-02 5.4688e-02 1.3325e-02 4.8125e-02 5.6366e-03 4.8324e-02
2.8184e+00 2.8184e+00 3.1000e+01 4.4183e-02 5.3508e-02 3.0910e-02 4.0306e-02 2.6365e-02 4.4977e-02 1.9057e-02 3.7366e-02 9.7424e-04 3.7247e-02
3.1623e+00 3.1623e+00 3.0000e+01 4.9937e-02 6.9726e-02 3.2421e-03 4.3318e-02 2.7526e-02 5.5966e-02 3.0015e-03 4.8935e-02 1.8687e-03 3.8999e-02
3.1623e+00 3.1623e+00 3.0000e+01 1.0401e-01 1.0575e-01 8.8722e-02 8.1396e-02 2.1536e-02 5.0069e-02 8.2256e-03 4.8260e-02 8.8747e-03 3.8819e-02
3.1623e+00 3.1623e+00 3.0000e+01 5.8219e-02 7.8515e-02 3.7222e-02 3.8899e-02 1.8500e-02 5.4737e-02 1.4027e-03 5.1601e-02 3.5190e-03 3.8756e-02
3.1623e+00 3.1623e+00 3.0000e+01 4.3453e-02 5.8327e-02 4.1895e-03 1.8386e-02 3.1750e-02 4.9729e-02 3.3312e-04 4.4066e-02 1.9490e-03 4.4554e-02
3.1623e+00 3.1623e+00 3.0000e+01 4.8100e-02 6.0738e-02 3.8799e-03 2.9845e-02 2.6774e-02 4.7824e-02 4.9260e-03 4.2128e-02 3.3145e-03 3.9208e-02
3.1623e+00 3.1623e+00 3.0000e+01 5.7630e-02 6.8370e-02 7.5453e-04 4.6816e-02 3.2600e-02 5.8536e-02 7.4441e-04 5.0672e-02 1.3204e-03 5.1362e-02
3.1623e+00 3.1623e+00 3.0000e+01 3.1456e-02 5.6307e-02 3.5865e-03 1.6486e-02 1.6998e-02 4.4951e-02 5.9577e-03 3.6864e-02 2.6557e-03 3.2165e-02
3.1623e+00 3.1623e+00 3.0000e+01 5.2273e-02 7.6996e-02 3.9189e-02 5.1068e-02 1.5837e-02 5.0680e-02 4.9134e-03 4.2757e-02 3.7395e-03 4.1443e-02
3.1623e+00 3.1623e+00 3.0000e+01 5.9044e-02 7.0976e-02 3.5188e-03 2.0540e-02 2.6363e-02 4.9793e-02 9.3587e-03 1.8519e-02 1.2108e-02 2.6314e-02
3.1623e+00 3.1623e+00 3.0000e+01 3.5761e-02 6.0835e-02 6.6752e-03 4.0793e-02 2.0261e-02 5.6499e-02 4.0871e-03 4.3911e-02 5.4352e-03 3.5093e-02
3.5481e+00 3.5481e+00 2.9000e+01 5.1201e-02 6.8380e-02 1.1447e-02 4.5067e-02 2.6144e-02 5.3251e-02 1.5841e-02 4.0146e-02 1.2007e-02 3.2454e-02
3.5481e+00 3.5481e+00 2.9000e+01 5.1152e-02 6.6512e-02 2.2160e-02 1.6789e-02 3.2156e-02 4.3266e-02 2.2928e-02 3.4417e-02 9.4518e-04 3.5344e-02
3.5481e+00 3.5481e+00 2.9000e+01 4.3744e-02 7.2028e-02 8.5945e-04 5.8786e-02 2.9647e-02 5.1532e-02 1.3135e-03 4.6773e-02 5.4392e-03 4.1077e-02
3.5481e+00 3.5481e+00 2.9000e+01 5.7748e-02 5.3799e-02 3.4622e-02 1.6184e-02 2.8635e-02 4.4191e-02 2.5361e-03 3.8549e-02 3.9740e-03 3.3001e-02
3.5481e+00 3.5481e+00 2.9000e+01 4.8796e-02 6.4203e-02 3.1344e-02 4.5015e-02 2.4373e-02 4.6882e-02 8.0815e-03 4.1574e-02 3.4521e-03 3.6392e-02
3.5481e+00 3.5481e+00 2.9000e+01 3.9325e-02 6.2268e-02 4.2178e-03 1.6319e-02 1.9214e-02 4.5166e-02 4.6463e-03 3.5897e-02 1.3785e-03 3.5203e-02
3.5481e+00 3.5481e+00 2.9000e+01 3.4608e-02 6.9795e-02 2.0745e-03 4.7298e-02 1.6723e-02 6.1730e-02 1.5022e-03 4.5346e-02 2.5498e-03 3.4535e-02
3.5481e+00 3.5481e+00 2.9000e+01 7.4187e-02 7.4109e-02 4.5345e-02 4.3777e-02 3.2696e-02 5.1036e-02 1.4622e-02 1.8433e-02 1.2382e-02 3.1157e-02
3.5481e+00 3.5481e+00 2.9000e+01 6.5978e-02 8.7257e-02 4.4705e-02 4.3756e-02 3.3367e-02 6.2007e-02 1.4665e-03 3.6571e-02 3.6276e-04 2.8647e-02
3.5481e+00 3.5481e+00 2.9000e+01 6.6039e-02 7.8665e-02 5.3702e-02 4.6475e-02 3.6738e-02 5.1222e-02 2.9666e-02 3.7068e-02 7.6348e-03 3.0019e-02
3.9811e+00 3.9811e+00 2.8000e+01 8.1170e-02 7.9966e-02 1.2542e-02 1.0958e-02 6.0875e-02 7.1926e-02 8.4830e-03 5.2337e-02 6.6299e-03 5.6209e-02
3.9811e+00 3.9811e+00 2.8000e+01 1.2997e-01 1.4060e-01 1.2181e-01 1.3018e-01 2.4319e-02 3.6678e-02 2.3008e-03 3.0952e-02 3.6097e-03 3.2099e-02
3.9811e+00 3.9811e+00 2.8000e+01 7.8421e-02 8.0837e-02 5.4741e-02 6.5490e-02 3.7234e-02 5.5044e-02 1.1173e-03 4.1862e-02 3.8414e-04 4.4873e-02
3.9811e+00 3.9811e+00 2.8000e+01 5.7976e-02 8.0456e-02 3.2848e-02 4.2414e-02 2.4236e-02 4.4095e-02 1.3067e-03 4.0418e-02 1.8987e-04 2.9088e-02
3.9811e+00 3.9811e+00 2.8000e+01 8.8609e-02 1.0424e-01 7.6662e-02 8.1144e-02 2.4882e-02 4.7122e-02 4.7836e-04 3.9978e-02 3.9148e-03 3.5054e-02
3.9811e+00 3.9811e+00 2.8000e+01 6.1148e-02 7.6947e-02 7.0491e-03 6.3161e-02 4.0729e-02 5.9637e-02 7.5272e-03 5.2724e-02 3.1937e-03 4.6237e-02
3.9811e+00 3.9811e+00 2.8000e+01 8.0226e-02 9.8221e-02 6.3183e-02 6.2126e-02 3.2659e-02 5.7119e-02 1.3444e-03 4.8604e-02 1.4451e-03 3.4630e-02
3.9811e+00 3.9811e+00 2.8000e+01 4.9302e-02 7.2218e-02 1.1800e-04 4.3168e-02 1.9557e-02 5.5061e-02 2.1999e-04 4.4527e-02 1.2608e-03 4.0050e-02
3.9811e+00 3.9811e+00 2.8000e+01 4.7477e-02 6.5990e-02 2.6547e-02 1.4668e-02 2.1241e-02 6.0633e-02 1.9347e-03 3.9836e-02 5.6748e-03 3.3060e-02
3.9811e+00 3.9811e+00 2.8000e+01 7.5401e-02 8.3120e-02 3.3221e-02 4.9780e-02 5.5744e-02 6.0342e-02 4.7099e-03 4.5678e-02 4.9615e-03 4.5131e-02
4.4668e+00 4.4668e+00 2.7000e+01 6.3239e-02 6.3057e-02 3.2817e-03 1.0874e-02 3.6817e-02 5.0335e-02 1.4517e-02 4.5373e-02 7.1266e-03 4.0507e-02
4.4668e+00 4.4668e+00 2.7000e+01 5.4454e-02 6.7420e-02 3.9954e-02 4.9642e-02 2.5046e-02 4.2015e-02 1.7283e-03 3.6877e-02 6.4165e-03 3.8535e-02
4.4668e+00 4.4668e+00 2.7000e+01 7.3981e-02 6.9122e-02 3.0862e-02 3.8378e-02 3.7060e-02 5.1408e-02 2.3903e-02 4.8114e-02 2.3462e-03 4.0329e-02
4.4668e+00 4.4668e+00 2.7000e+01 6.8600e-02 6.3791e-02 4.2354e-02 2.2258e-02 2.5611e-02 5.4245e-02 3.6542e-03 1.5388e-02 3.8709e-03 4.1232e-02
4.4668e+00 4.4668e+00 2.7000e+01 6.3766e-02 9.5574e-02 4.1904e-02 7.2171e-02 3.2933e-02 7.0111e-02 8.7713e-03 4.8380e-02 7.1921e-03 3.7794e-02
4.4668e+00 4.4668e+00 2.7000e+01 8.1216e-02 9.9785e-02 5.4575e-02 5.6793e-02 3.3955e-02 4.9749e-02 2.3324e-02 3.9244e-02 6.5608e-03 3.9151e-02
4.4668e+00 4.4668e+00 2.7000e+01 1.1506e-01 1.0984e-01 8.1136e-02 8.6954e-02 4.5654e-02 7.3799e-02 6.8537e-04 5.9856e-02 1.3409e-02 6.7345e-02
4.4668e+00 4.4668e+00 2.7000e+01 1.0484e-01 1.0571e-01 7.6391e-02 6.7998e-02 3.1719e-02 5.6160e-02 1.8919e-02 5.0538e-02 6.0055e-03 4.3581e-02
4.4668e+00 4.4668e+00 2.7000e+01 7.4116e-02 1.0145e-01 5.0022e-02 6.5383e-02 3.3803e-02 6.1828e-02 1.0131e-03 4.5344e-02 3.0090e-03 4.0860e-02
4.4668e+00 4.4668e+00 2.7000e+01 1.3450e-01 1.5105e-01 1.1237e-01 1.2396e-01 4.6701e-02 6.0679e-02 3.5053e-02 4.5994e-02 1.6345e-02 1.9759e-02
5.0119e+00 5.0119e+00 2.6000e+01 5.6804e-02 8.1371e-02 3.5222e-02 1.0660e-02 3.9520e-02 5.4637e-02 2.4590e-02 3.8613e-02 4.2677e-03 3.4128e-02
5.0119e+00 5.0119e+00 2.6000e+01 7.8548e-02 8.1111e-02 6.3803e-03 2.2900e-02 3.3942e-02 5.9343e-02 1.0094e-02 4.9681e-02 1.2819e-02 2.0000e-02
5.0119e+00 5.0119e+00 2.6000e+01 4.7024e-02 8.3369e-02 6.2238e-03 1.3130e-02 1.8746e-02 5.7778e-02 3.9837e-03 5.0447e-02 4.7725e-03 3.7396e-02
5.0119e+00 5.0119e+00 2.6000e+01 4.9114e-02 7.0955e-02 4.8264e-03 4.5808e-02 2.7689e-02 5.3067e-02 1.3508e-02 3.9998e-02 4.4986e-03 3.8144e-02
5.0119e+00 5.0119e+00 2.6000e+01 5.8389e-02 8.7621e-02 3.8795e-02 4.6450e-02 2.8719e-02 6.6234e-02 2.1449e-02 4.8798e-02 3.8346e-03 3.5734e-02
5.0119e+00 5.0119e+00 2.6000e+01 6.8569e-02 8.2118e-02 3.3820e-02 2.2339e-02 3.0381e-02 5.5137e-02 3.6289e-03 4.2069e-02 4.4041e-03 4.5183e-02
5.0119e+00 5.0119e+00 2.6000e+01 1.1151e-01 1.1941e-01 1.0186e-01 9.8774e-02 2.1103e-02 5.0917e-02 6.7518e-03 3.8123e-02 6.9464e-03 3.3122e-02
5.0119e+00 5.0119e+00 2.6000e+01 7.8907e-02 8.7184e-02 4.7710e-02 5.4750e-02 4.4651e-02 5.3741e-02 3.7911e-03 3.9012e-02 6.7604e-03 3.6585e-02
5.0119e+00 5.0119e+00 2.6000e+01 7.4149e-02 7.7546e-02 3.9862e-02 5.0014e-02 3.1255e-02 4.6840e-02 7.4103e-03 3.4781e-02 7.0571e-03 3.7732e-02
5.0119e+00 5.0119e+00 2.6000e+01 6.5991e-02 7.7003e-02 5.5935e-04 4.5952e-02 3.4305e-02 7.1512e-02 1.7673e-04 5.1084e-02 6.0223e-03 4.7895e-02
5.6234e+00 5.6234e+00 2.5000e+01 5.3204e-02 7.6437e-02 3.0170e-02 1.1850e-02 3.4580e-02 4.9587e-02 2.5221e-02 3.8188e-02 3.9250e-03 3.5529e-02
5.6234e+00 5.6234e+00 2.5000e+01 1.5695e-01 1.6838e-01 1.4387e-01 1.5568e-01 4.0746e-02 4.2641e-02 1.6191e-02 1.3007e-02 5.2920e-03 2.2616e-02
5.6234e+00 5.6234e+00 2.5000e+01 5.8593e-02 9.8013e-02 3.4153e-02 1.0762e-02 2.9422e-02 6.2191e-02 1.5053e-02 4.1974e-02 1.1898e-02 4.8735e-02
5.6234e+00 5.6234e+00 2.5000e+01 7.4812e-02 9.4187e-02 6.2952e-02 4.9007e-02 3.9094e-02 5.2960e-02 2.9016e-02 3.9710e-02 5.7369e-03 3.6584e-02
5.6234e+00 5.6234e+00 2.5000e+01 6.6855e-02 9.4519e-02 1.5446e-02 1.0353e-02 4.1212e-02 6.9471e-02 1.4319e-02 4.2584e-02 7.8469e-03 4.1527e-02
5.6234e+00 5.6234e+00 2.5000e+01 9.4997e-02 8.9186e-02 4.8324e-02 1.1683e-02 6.2941e-02 7.3287e-02 2.0044e-02 5.2202e-02 1.0354e-02 6.2208e-02
5.6234e+00 5.6234e+00 2.5000e+01 1.2970e-01 1.0171e-01 7.7644e-02 3.2261e-02 8.7893e-02 4.9865e-02 8.3691e-02 3.2529e-02 2.2514e-02 2.0002e-02
5.6234e+00 5.6234e+00 2.5000e+01 7.4687e-02 9.9191e-02 8.9775e-04 1.8780e-02 5.1702e-02 7.0684e-02 3.6992e-03 5.7611e-02 4.9980e-03 5.4600e-02
5.6234e+00 5.6234e+00 2.5000e+01 6.5248e-02 7.6446e-02 2.4083e-03 1.7000e-02 3.5154e-02 5.3408e-02 1.3573e-03 4.4864e-02 3.6967e-03 4.7393e-02
5.6234e+00 5.6234e+00 2.5000e+01 8.2914e-02 1.0257e-01 6.5716e-02 6.9785e-02 2.7448e-02 6.7512e-02 2.1815e-02 6.0011e-02 3.1660e-03 3.5997e-02
6.3096e+00 6.3096e+00 2.4000e+01 6.6651e-02 8.6043e-02 1.2710e-02 1.0984e-02 4.8862e-02 6.0503e-02 1.0094e-02 1.1941e-02 1.2676e-02 2.4068e-02
6.3096e+00 6.3096e+00 2.4000e+01 6.9141e-02 8.4919e-02 3.4092e-02 1.6958e-02 2.4220e-02 4.6788e-02 1.4658e-02 4.0148e-02 2.3921e-03 2.2168e-02
6.3096e+00 6.3096e+00 2.4000e+01 7.2523e-02 9.6298e-02 3.3918e-02 1.3826e-02 3.4811e-02 6.7324e-02 1.1715e-03 1.0136e-02 5.3243e-03 3.9763e-02
6.3096e+00 6.3096e+00 2.4000e+01 7.6296e-02 1.0327e-01 4.1866e-02 2.7863e-02 4.1137e-02 5.5742e-02 5.3295e-02 4.4532e-02 7.7712e-03 2.7470e-02
6.3096e+00 6.3096e+00 2.4000e+01 8.2766e-02 9.8075e-02 1.1505e-02 2.4264e-02 5.0988e-02 5.9355e-02 1.4431e-02 5.4976e-02 1.3945e-02 5.0805e-02
6.3096e+00 6.3096e+00 2.4000e+01 6.5479e-02 8.9476e-02 4.8450e-02 4.5562e-02 4.1436e-02 5.6171e-02 2.8166e-02 1.0206e-02 3.1669e-03 3.4665e-02
6.3096e+00 6.3096e+00 2.4000e+01 1.1702e-01 1.1601e-01 1.0036e-01 8.4147e-02 4.2854e-02 5.3929e-02 1.8087e-02 4.3545e-02 1.4749e-03 4.1938e-02
6.3096e+00 6.3096e+00 2.4000e+01 7.9316e-02 1.0224e-01 3.6194e-02 1.0282e-02 4.2475e-02 5.5918e-02 1.8405e-02 1.1419e-02 5.3064e-03 3.1740e-02
6.3096e+00 6.3096e+00 2.4000e+01 8.6679e-02 9.4451e-02 7.4638e-02 6.9272e-02 1.9169e-02 5.6154e-02 3.9569e-03 4.1204e-02 4.5462e-03 1.8981e-02
6.3096e+00 6.3096e+00 2.4000e+01 5.2486e-02 8.1145e-02 2.0983e-03 1.8594e-02 3.4782e-02 4.5005e-02 1.5537e-03 4.0034e-02 2.0909e-03 4.3281e-02
7.0795e+00 7.0795e+00 2.3000e+01 1.6385e-01 1.8006e-01 1.5249e-01 1.6074e-01 3.1798e-02 4.4270e-02 3.3240e-03 1.5373e-02 4.2882e-03 2.2476e-02
7.0795e+00 7.0795e+00 2.3000e+01 7.8763e-02 9.8704e-02 5.0809e-03 1.1498e-02 6.2769e-02 6.3173e-02 8.0441e-03 1.0151e-02 9.8712e-03 3.8364e-02
7.0795e+00 7.0795e+00 2.3000e+01 8.3806e-02 9.4247e-02 4.5278e-03 1.6786e-02 3.6465e-02 5.5955e-02 4.6055e-03 1.0906e-02 7.1521e-03 3.3274e-02
7.0795e+00 7.0795e+00 2.3000e+01 9.3723e-02 1.1865e-01 5.6840e-02 6.3399e-02 4.1998e-02 7.9804e-02 4.6587e-04 1.0511e-02 7.0243e-03 4.2865e-02
7.0795e+00 7.0795e+00 2.3000e+01 1.1529e-01 1.1816e-01 8.1700e-02 7.5886e-02 4.5989e-02 6.8269e-02 3.6832e-02 1.8135e-02 1.6547e-03 4.0765e-02
7.0795e+00 7.0795e+00 2.3000e+01 9.2094e-02 9.7373e-02 6.8924e-02 5.9572e-02 3.6343e-02 5.4935e-02 2.1405e-03 1.3045e-02 9.0234e-03 2.7453e-02
7.0795e+00 7.0795e+00 2.3000e+01 1.4205e-01 1.6433e-01 1.2175e-01 1.3643e-01 3.8776e-02 5.0536e-02 4.0347e-04 4.3953e-02 6.4849e-03 2.9191e-02
7.0795e+00 7.0795e+00 2.3000e+01 9.0997e-02 1.0777e-01 1.5506e-02 1.0825e-02 4.3856e-02 7.4450e-02 2.8408e-02 4.3442e-02 8.7055e-03 3.8578e-02
7.0795e+00 7.0795e+00 2.3000e+01 8.1714e-02 1.5822e-01 4.1876e-02 1.8774e-02 3.8659e-02 9.0471e-02 1.1861e-02 9.6321e-03 6.3158e-03 6.1890e-02
7.0795e+00 7.0795e+00 2.3000e+01 8.1408e-02 1.1321e-01 5.1526e-02 1.1597e-02 4.9774e-02 7.7526e-02 6.0073e-04 1.0645e-02 1.1336e-02 1.3487e-02
7.9433e+00 7.9433e+00 2.2000e+01 1.2519e-01 1.5606e-01 9.3809e-02 9.1147e-02 4.5956e-02 9.5738e-02 3.9375e-02 6.1617e-02 2.3836e-02 6.1168e-02
7.9433e+00 7.9433e+00 2.2000e+01 8.9025e-02 9.7814e-02 5.8480e-02 4.7207e-02 4.9307e-02 6.2780e-02 2.9438e-02 4.4116e-02 7.0252e-03 4.4480e-02
7.9433e+00 7.9433e+00 2.2000e+01 7.9437e-02 9.9391e-02 1.3193e-03 1.6743e-02 3.2628e-02 7.2250e-02 4.0637e-03 2.1720e-02 1.6023e-03 3.4476e-02
7.9433e+00 7.9433e+00 2.2000e+01 9.1262e-02 1.3702e-01 1.7507e-02 2.2778e-02 6.8250e-02 1.1453e-01 1.9991e-02 2.1554e-02 1.7060e-02 5.8035e-02
7.9433e+00 7.9433e+00 2.2000e+01 1.2255e-01 1.2537e-01 1.0744e-01 9.8382e-02 3.0923e-02 5.2625e-02 2.9312e-02 1.6643e-02 9.0123e-03 2.5195e-02
7.9433e+00 7.9433e+00 2.2000e+01 1.9916e-01 2.5236e-01 1.7206e-01 2.0433e-01 7.5237e-02 9.9780e-02 2.7233e-02 6.5272e-02 1.8389e-02 6.8169e-02
7.9433e+00 7.9433e+00 2.2000e+01 6.8492e-02 1.0008e-01 1.3428e-03 2.3510e-02 2.9219e-02 5.1129e-02 1.5413e-03 2.8086e-02 1.6250e-03 2.8357e-02
7.9433e+00 7.9433e+00 2.2000e+01 1.2161e-01 1.5975e-01 9.9323e-02 1.1605e-01 5.4142e-02 9.0220e-02 2.9942e-02 1.0016e-02 1.2721e-02 5.6654e-02
7.9433e+00 7.9433e+00 2.2000e+01 7.1526e-02 9.6261e-02 3.9020e-03 1.3671e-02 3.0641e-02 5.5427e-02 1.9188e-04 2.5308e-02 1.9689e-03 2.8821e-02
7.9433e+00 7.9433e+00 2.2000e+01 9.9770e-02 1.1936e-01 8.4329e-02 7.4850e-02 3.1348e-02 5.8775e-02 8.1895e-03 1.7862e-02 1.0950e-02 2.8229e-02
8.9125e+00 8.9125e+00 2.1000e+01 1.2121e-01 1.5084e-01 7.7873e-02 8.2088e-02 4.4619e-02 1.0114e-01 1.6024e-02 1.4874e-02 2.2391e-02 5.8839e-02
8.9125e+00 8.9125e+00 2.1000e+01 9.7965e-02 8.5725e-02 2.7483e-02 1.5662e-02 5.6036e-02 5.3288e-02 5.7974e-02 1.3554e-02 1.2846e-02 2.9553e-02
8.9125e+00 8.9125e+00 2.1000e+01 2.0824e-01 1.1925e-01 1.3712e-01 1.8063e-02 1.8982e-01 7.4176e-02 1.5205e-01 1.9644e-02 2.3946e-02 2.4633e-02
8.9125e+00 8.9125e+00 2.1000e+01 7.5692e-02 1.2522e-01 1.1604e-02 1.3343e-02 4.7374e-02 1.0309e-01 1.1077e-02 1.2430e-02 1.1115e-02 6.3136e-02
8.9125e+00 8.9125e+00 2.1000e+01 8.6394e-02 1.0855e-01 1.3723e-02 1.2072e-02 3.7658e-02 6.1158e-02 3.1440e-02 1.2551e-02 2.0467e-02 1.6274e-02
8.9125e+00 8.9125e+00 2.1000e+01 7.6649e-02 1.0227e-01 1.2052e-02 1.7128e-02 4.0192e-02 6.2704e-02 2.6501e-02 1.6127e-02 6.4169e-03 2.6766e-02
8.9125e+00 8.9125e+00 2.1000e+01 6.8235e-02 9.3292e-02 2.7793e-02 1.2634e-02 5.9195e-02 3.8702e-02 3.9689e-02 1.1710e-02 2.9298e-02 8.2148e-03
8.9125e+00 8.9125e+00 2.1000e+01 7.7652e-02 7.7382e-02 2.3963e-02 1.2553e-02 4.9691e-02 4.1257e-02 2.1672e-02 1.3656e-02 2.0999e-02 1.6773e-02
8.9125e+00 8.9125e+00 2.1000e+01 1.0203e-01 1.0403e-01 6.7782e-02 1.0023e-02 4.2093e-02 5.6508e-02 6.5319e-03 1.0180e-02 1.9689e-03 2.5568e-02
8.9125e+00 8.9125e+00 2.1000e+01 9.7244e-02 1.3206e-01 6.4950e-02 7.8848e-02 4.5390e-02 7.0989e-02 1.0309e-02 5.7568e-02 7.4078e-03 2.1593e-02
1.0000e+01 1.0000e+01 2.0000e+01 1.3191e-01 1.7096e-01 1.1564e-01 1.1360e-01 5.3834e-02 7.9213e-02 3.9808e-02 2.9420e-02 1.1788e-02 3.7838e-02
1.0000e+01 1.0000e+01 2.0000e+01 1.4016e-01 1.2752e-01 1.0692e-01 1.9178e-02 5.8304e-02 7.3930e-02 2.1476e-02 4.5627e-02 1.3067e-02 5.5850e-02
1.0000e+01 1.0000e+01 2.0000e+01 1.0209e-01 1.8147e-01 6.7407e-02 1.3713e-02 3.5210e-02 1.5387e-01 2.2111e-02 1.0092e-02 2.0251e-02 7.5535e-02
1.0000e+01 1.0000e+01 2.0000e+01 2.1553e-01 2.1148e-01 1.5940e-01 2.9140e-02 1.0195e-01 1.4441e-01 9.3238e-02 3.2009e-02 2.0020e-02 3.9965e-02
1.0000e+01 1.0000e+01 2.0000e+01 1.2177e-01 1.0638e-01 6.8081e-02 5.8345e-02 7.2882e-02 6.4758e-02 5.4683e-02 1.0767e-02 1.1643e-02 3.9387e-02
1.0000e+01 1.0000e+01 2.0000e+01 1.3112e-01 1.4164e-01 1.0300e-01 1.1289e-01 5.0912e-02 6.3064e-02 1.8254e-02 1.3070e-02 1.2312e-02 3.3327e-02
1.0000e+01 1.0000e+01 2.0000e+01 1.1392e-01 1.6261e-01 5.8909e-02 1.9133e-02 6.3712e-02 1.1466e-01 4.2278e-02 2.2387e-02 4.1282e-02 6.2750e-02
1.0000e+01 1.0000e+01 2.0000e+01 1.3367e-01 1.5504e-01 1.1635e-01 1.1544e-01 3.7736e-02 6.4107e-02 2.9728e-02 1.2481e-02 2.5818e-02 1.6247e-02
1.0000e+01 1.0000e+01 2.0000e+01 8.6407e-02 1.0678e-01 8.7455e-03 2.2375e-02 4.4320e-02 7.7745e-02 2.7269e-02 1.8867e-02 1.7060e-02 3.5062e-02
1.0000e+01 1.0000e+01 2.0000e+01 1.0172e-01 9.6382e-02 7.5897e-02 5.6926e-02 4.9427e-02 4.6139e-02 3.6796e-02 3.4603e-02 1.2196e-02 3.0037e-02
1.1220e+01 1.1220e+01 1.9000e+01 1.3253e-01 1.6320e-01 1.0107e-01 1.1222e-01 7.0678e-02 7.2504e-02 6.7125e-02 1.6414e-02 9.2589e-03 1.7297e-02
1.1220e+01 1.1220e+01 1.9000e+01 1.5073e-01 1.5418e-01 7.6748e-02 1.4926e-02 4.5639e-02 9.6753e-02 1.7706e-02 1.8635e-02 1.3090e-02 5.1879e-02
1.1220e+01 1.1220e+01 1.9000e+01 1.0054e-01 1.5003e-01 5.4720e-03 1.2731e-02 6.2524e-02 1.1115e-01 1.8417e-03 1.8696e-02 1.5290e-03 2.1571e-02
1.1220e+01 1.1220e+01 1.9000e+01 8.3850e-01 1.7159e-01 7.9810e-01 2.8198e-02 7.1759e-01 1.1048e-01 7.0852e-01 1.0823e-02 2.8337e-02 4.1308e-02
1.1220e+01 1.1220e+01 1.9000e+01 1.1389e-01 1.5110e-01 1.9938e-02 1.6253e-02 8.8252e-02 9.2388e-02 6.0453e-02 2.4817e-02 1.3173e-02 1.6687e-02
1.1220e+01 1.1220e+01 1.9000e+01 1.5766e-01 1.6937e-01 1.3516e-01 9.8407e-03 7.8995e-02 1.2417e-01 6.8570e-02 1.0207e-02 1.0609e-02 4.3383e-02
1.1220e+01 1.1220e+01 1.9000e+01 7.7865e-02 1.2928e-01 2.5381e-02 5.4540e-02 4.2257e-02 7.8421e-02 2.7682e-02 4.6994e-02 9.4105e-03 4.8860e-02
1.1220e+01 1.1220e+01 1.9000e+01 9.0641e-02 1.6084e-01 1.3742e-02 1.5335e-02 4.2349e-02 1.1374e-01 2.9445e-02 1.2654e-02 2.6720e-02 1.6696e-02
1.1220e+01 1.1220e+01 1.9000e+01 1.3860e-01 1.7907e-01 1.0914e-01 1.0828e-01 5.0062e-02 8.3933e-02 2.2829e-02 2.5553e-02 1.8748e-02 4.0516e-02
1.1220e+01 1.1220e+01 1.9000e+01 2.0844e-01 2.0642e-01 2.9483e-02 1.5662e-01 1.0093e-01 9.6662e-02 3.2998e-02 3.1542e-02 1.0614e-02 3.0244e-02
1.2589e+01 1.2589e+01 1.8000e+01 2.7186e-01 2.8705e-01 2.5327e-01 2.4631e-01 6.4058e-02 1.1019e-01 8.3658e-03 1.0078e-02 1.1599e-02 4.7752e-02
1.2589e+01 1.2589e+01 1.8000e+01 1.4941e-01 2.1050e-01 1.2041e-01 1.1566e-01 8.3143e-02 1.5597e-01 8.0271e-02 1.2994e-02 3.6888e-02 9.2925e-02
1.2589e+01 1.2589e+01 1.8000e+01 1.1109e-01 1.7688e-01 7.3406e-02 1.0138e-01 4.9268e-02 1.1908e-01 6.6646e-03 1.0054e-02 1.6937e-02 3.7212e-02
1.2589e+01 1.2589e+01 1.8000e+01 1.5519e-01 1.7627e-01 1.2309e-01 1.0449e-01 5.3196e-02 8.2957e-02 1.3542e-02 1.7382e-02 2.4642e-02 2.0542e-02
1.2589e+01 1.2589e+01 1.8000e+01 8.8350e-02 1.4363e-01 7.9807e-04 2.1094e-02 5.6416e-02 1.2556e-01 1.5906e-02 2.1209e-02 1.3585e-02 6.1533e-02
1.2589e+01 1.2589e+01 1.8000e+01 2.2573e-01 2.1237e-01 2.0843e-01 1.6600e-01 7.5375e-02 8.7572e-02 6.1275e-02 2.5105e-02 1.7205e-02 2.2964e-02
1.2589e+01 1.2589e+01 1.8000e+01 1.1770e-01 1.3654e-01 7.4234e-02 1.8525e-02 5.9063e-02 8.6749e-02 2.6203e-02 1.6733e-02 7.9755e-03 1.0509e-02
1.2589e+01 1.2589e+01 1.8000e+01 1.7347e-01 2.2895e-01 1.6052e-01 1.6042e-01 8.4490e-02 1.0010e-01 5.2549e-02 1.6859e-02 3.5320e-02 3.2739e-02
1.2589e+01 1.2589e+01 1.8000e+01 9.0653e-02 1.3930e-01 8.6109e-04 1.5153e-02 5.5227e-02 1.0347e-01 8.7486e-03 1.0833e-02 6.0613e-03 3.6051e-02
1.2589e+01 1.2589e+01 1.8000e+01 1.4850e-01 1.8001e-01 9.0183e-02 1.3987e-02 8.5777e-02 1.1651e-01 6.4637e-02 3.0824e-02 1.0554e-03 2.1914e-02
1.4125e+01 1.4125e+01 1.7000e+01 2.8926e-01 2.0055e-01 1.7472e-02 3.1114e-02 1.3370e-01 1.1797e-01 5.2586e-02 9.6147e-02 2.3051e-03 3.3417e-02
1.4125e+01 1.4125e+01 1.7000e+01 1.4824e-01 1.3691e-01 5.6763e-02 1.8650e-02 8.7426e-02 6.5275e-02 7.6922e-02 1.3031e-02 1.5399e-02 2.1482e-02
1.4125e+01 1.4125e+01 1.7000e+01 1.6221e-01 1.5132e-01 1.1547e-04 1.9353e-02 8.7472e-02 8.5888e-02 3.1472e-02 2.2389e-02 4.7351e-02 1.0716e-02
1.4125e+01 1.4125e+01 1.7000e+01 1.9370e-01 2.4016e-01 1.6519e-01 1.8592e-01 5.1102e-02 9.6823e-02 2.1285e-02 2.2956e-02 2.2135e-02 1.9289e-02
1.4125e+01 1.4125e+01 1.7000e+01 2.0988e-01 2.2407e-01 1.5134e-01 1.6842e-01 5.6762e-02 1.2471e-01 3.5536e-02 1.5443e-02 2.0790e-02 5.7921e-02
1.4125e+01 1.4125e+01 1.7000e+01 3.9724e-01 4.8106e-01 3.8890e-01 3.9927e-01 8.0166e-02 1.9271e-01 8.0423e-02 1.9457e-02 5.8810e-02 8.6705e-02
1.4125e+01 1.4125e+01 1.7000e+01 1.2403e-01 1.6261e-01 2.7579e-02 1.1816e-02 5.8435e-02 1.1928e-01 1.9827e-02 1.7448e-02 3.5051e-02 4.7908e-02
1.4125e+01 1.4125e+01 1.7000e+01 1.1796e-01 1.1996e-01 3.2629e-02 1.9150e-02 5.9976e-02 6.9646e-02 3.1197e-02 2.2559e-02 3.1570e-02 3.7839e-02
1.4125e+01 1.4125e+01 1.7000e+01 1.1724e+00 1.8744e-01 1.0971e+00 1.1878e-02 9.2943e-01 1.2601e-01 9.1242e-01 1.0070e-01 2.5838e-03 5.3164e-02
1.4125e+01 1.4125e+01 1.7000e+01 1.6073e-01 2.0678e-01 9.1981e-02 1.3912e-01 7.6247e-02 1.1148e-01 2.0093e-02 1.7713e-02 5.4186e-03 1.3936e-02
1.5849e+01 1.5849e+01 1.6000e+01 8.1648e-01 2.1435e-01 6.5575e-01 1.0958e-02 7.0798e-01 1.0487e-01 7.1513e-01 1.4687e-02 1.3411e-01 1.9663e-02
1.5849e+01 1.5849e+01 1.6000e+01 1.3644e-01 1.4887e-01 4.0197e-02 4.0216e-02 8.8934e-02 9.4824e-02 2.2078e-02 2.8157e-02 2.5495e-02 2.7500e-02
1.5849e+01 1.5849e+01 1.6000e+01 1.1533e-01 2.0483e-01 6.7301e-02 1.8340e-02 7.3304e-02 1.3764e-01 5.4588e-02 1.5708e-02 3.1251e-02 5.6559e-02
1.5849e+01 1.5849e+01 1.6000e+01 1.9407e-01 2.3435e-01 1.5514e-01 1.6792e-01 5.3232e-02 9.4392e-02 3.7010e-03 1.3542e-02 3.2472e-03 2.2977e-02
1.5849e+01 1.5849e+01 1.6000e+01 1.7300e-01 2.3231e-01 3.8753e-02 1.3884e-02 8.3003e-02 9.7030e-02 4.5865e-02 2.1104e-02 6.5925e-02 2.5525e-02
1.5849e+01 1.5849e+01 1.6000e+01 2.0875e-01 2.3376e-01 1.2673e-01 2.8504e-02 1.3636e-01 1.6284e-01 1.1260e-01 3.8903e-02 1.0389e-02 8.6336e-02
1.5849e+01 1.5849e+01 1.6000e+01 2.0431e-01 2.8021e-01 1.3592e-01 5.9715e-02 3.9513e-02 1.6180e-01 5.3814e-03 2.3084e-02 7.8311e-03 2.8777e-02
1.5849e+01 1.5849e+01 1.6000e+01 1.8764e-01 2.4001e-01 1.3685e-01 1.4559e-01 8.2951e-02 1.2744e-01 7.7451e-02 9.9432e-03 4.2603e-02 9.0156e-03
1.5849e+01 1.5849e+01 1.6000e+01 2.3870e-01 2.4632e-01 1.7104e-01 1.7931e-01 5.6431e-02 7.4179e-02 1.8304e-02 2.5923e-02 1.9034e-02 3.4732e-02
1.5849e+01 1.5849e+01 1.6000e+01 2.0419e-01 2.8610e-01 1.5075e-01 1.7392e-01 1.2276e-01 2.0542e-01 9.9044e-02 2.0574e-02 3.1861e-02 8.6618e-02
1.7783e+01 1.7783e+01 1.5000e+01 9.2291e-01 3.6354e-01 8.9621e-01 2.3381e-01 6.1901e-01 1.7858e-01 6.0182e-01 1.3116e-02 3.4124e-02 9.2309e-03
1.7783e+01 1.7783e+01 1.5000e+01 1.7015e-01 2.4644e-01 1.2433e-01 2.2483e-02 8.1933e-02 1.1333e-01 6.0809e-02 2.2483e-02 3.7238e-02 2.8703e-02
1.7783e+01 1.7783e+01 1.5000e+01 2.0316e-01 2.8018e-01 1.0052e-01 1.1459e-02 1.3291e-01 1.1780e-01 3.2247e-02 2.3531e-02 7.6322e-02 3.4865e-02
1.7783e+01 1.7783e+01 1.5000e+01 3.4180e-01 3.7755e-01 3.1976e-01 3.2902e-01 5.4451e-02 8.0834e-02 3.1941e-02 1.1539e-02 4.1903e-02 3.4246e-02
1.7783e+01 1.7783e+01 1.5000e+01 1.7610e-01 2.7947e-01 1.3324e-01 1.2890e-02 7.9122e-02 1.5568e-01 5.3052e-02 1.1722e-02 6.5666e-02 7.6440e-02
1.7783e+01 1.7783e+01 1.5000e+01 2.4556e-01 2.8021e-01 1.8688e-01 1.6629e-02 1.5985e-01 1.8222e-01 1.3414e-01 1.7498e-02 8.1276e-02 6.1133e-02
1.7783e+01 1.7783e+01 1.5000e+01 3.8421e-01 2.0578e-01 2.4118e-01 2.5136e-02 1.2004e-01 9.4303e-02 8.3299e-02 1.2501e-02 6.9744e-02 4.8805e-02
1.7783e+01 1.7783e+01 1.5000e+01 3.0736e-01 2.3979e-01 1.0185e-01 3.6396e-02 1.2562e-01 1.5320e-01 1.1129e-01 3.9158e-02 1.6032e-02 6.4208e-02
1.7783e+01 1.7783e+01 1.5000e+01 2.2095e-01 2.3473e-01 1.3550e-01 1.0513e-02 9.8219e-02 1.0148e-01 8.1393e-02 6.0380e-02 4.8011e-02 1.0522e-02
1.7783e+01 1.7783e+01 1.5000e+01 1.8195e-01 1.9954e-01 1.0062e-01 1.3189e-02 1.1197e-01 1.3278e-01 9.9405e-02 2.4135e-02 6.1233e-02 5.9552e-02
1.9953e+01 1.9953e+01 1.4000e+01 2.7832e-01 3.2234e-01 1.6712e-01 1.1415e-02 1.0723e-01 1.6079e-01 8.2048e-02 1.7768e-02 6.2894e-02 3.3753e-02
1.9953e+01 1.9953e+01 1.4000e+01 1.7778e-01 2.3874e-01 6.6998e-02 4.3099e-02 9.7884e-02 1.5708e-01 8.3151e-02 4.1367e-02 4.5756e-02 3.7687e-02
1.9953e+01 1.9953e+01 1.4000e+01 2.7020e-01 1.8692e-01 1.9940e-01 4.3951e-02 1.6454e-01 9.3669e-02 1.3789e-01 3.7450e-02 3.7487e-03 3.6798e-02
1.9953e+01 1.9953e+01 1.4000e+01 1.9343e-01 2.9844e-01 1.2973e-01 2.3468e-02 8.3586e-02 2.0224e-01 5.4575e-02 2.3188e-02 1.5754e-02 6.5877e-02
1.9953e+01 1.9953e+01 1.4000e+01 2.6876e-01 1.9022e-01 1.5780e-01 1.2422e-01 1.2428e-01 6.3858e-02 1.1415e-01 2.0367e-02 9.7195e-02 3.3883e-02
1.9953e+01 1.9953e+01 1.4000e+01 1.8746e-01 2.1300e-01 1.1121e-01 2.8489e-02 9.9751e-02 9.6273e-02 9.3102e-02 2.3405e-02 5.6168e-02 3.9793e-02
1.9953e+01 1.9953e+01 1.4000e+01 1.3554e+00 2.5468e-01 1.3680e+00 2.5066e-02 1.1267e+00 1.9208e-01 1.0916e+00 5.1223e-02 3.2217e-02 3.7547e-02
1.9953e+01 1.9953e+01 1.4000e+01 2.1560e-01 2.3040e-01 1.7026e-01 2.3941e-02 1.5198e-01 1.6740e-01 1.4438e-01 3.4221e-02 6.4530e-02 5.4538e-02
1.9953e+01 1.9953e+01 1.4000e+01 1.7801e-01 2.0959e-01 1.0767e-01 9.7305e-03 9.7142e-02 1.3868e-01 9.1125e-02 1.4025e-02 2.3651e-02 2.1878e-02
1.9953e+01 1.9953e+01 1.4000e+01 1.7270e-01 1.9193e-01 1.1380e-01 1.2923e-02 1.0801e-01 1.4473e-01 7.6217e-02 1.1087e-02 3.6181e-02 4.5373e-02
2.2387e+01 2.2387e+01 1.3000e+01 5.2280e-01 2.3613e-01 3.2604e-01 1.9659e-02 3.8174e-01 1.7795e-01 2.1491e-01 1.3463e-02 3.9266e-02 6.9766e-02
2.2387e+01 2.2387e+01 1.3000e+01 2.1364e-01 2.6893e-01 1.5093e-01 1.8748e-02 1.4840e-01 2.1819e-01 1.2033e-01 1.3618e-02 6.2965e-02 8.0450e-02
2.2387e+01 2.2387e+01 1.3000e+01 1.9279e-01 2.0192e-01 6.5967e-02 3.4234e-02 9.4069e-02 1.4482e-01 7.7108e-02 2.8630e-02 7.2530e-02 4.4255e-02
2.2387e+01 2.2387e+01 1.3000e+01 2.6420e-01 2.9529e-01 1.7192e-01 3.0414e-02 1.2683e-01 1.7049e-01 3.5265e-02 1.3633e-02 6.8113e-02 1.5058e-02
2.2387e+01 2.2387e+01 1.3000e+01 2.6882e-01 2.7781e-01 8.3853e-02 2.9978e-02 1.4686e-01 8.6546e-02 7.7853e-02 4.9800e-02 4.6663e-02 3.4132e-02
2.2387e+01 2.2387e+01 1.3000e+01 5.6043e-01 2.8806e-01 2.6399e-01 1.7008e-01 2.1357e-01 1.3124e-01 1.7859e-01 2.6211e-02 3.0265e-03 4.3164e-02
2.2387e+01 2.2387e+01 1.3000e+01 2.6083e-01 3.0839e-01 2.1675e-01 1.9507e-01 1.6815e-01 1.6441e-01 1.2237e-01 4.8542e-02 8.0254e-02 1.1182e-01
2.2387e+01 2.2387e+01 1.3000e+01 2.6367e-01 2.9383e-01 1.9411e-02 2.8356e-02 1.0173e-01 1.9385e-01 6.6027e-03 2.6104e-02 1.5730e-02 7.3848e-02
2.2387e+01 2.2387e+01 1.3000e+01 1.6659e+00 2.3333e-01 1.5617e+00 1.2421e-02 1.0752e+00 1.4728e-01 1.0441e+00 1.5419e-02 2.3821e-02 1.8575e-02
2.2387e+01 2.2387e+01 1.3000e+01 2.0616e-01 2.4025e-01 2.0853e-02 1.2051e-02 8.3561e-02 1.3862e-01 3.9628e-02 4.8721e-02 1.4832e-02 6.7969e-02
2.5119e+01 2.5119e+01 1.2000e+01 2.7692e-01 2.7343e-01 1.5158e-01 2.2875e-02 1.4556e-01 1.9795e-01 1.2403e-01 1.8398e-02 5.7996e-02 3.9754e-02
2.5119e+01 2.5119e+01 1.2000e+01 3.2133e-01 2.9943e-01 2.1658e-01 4.3409e-02 2.1512e-01 1.8427e-01 2.0495e-01 2.2305e-02 7.7475e-02 4.9546e-02
2.5119e+01 2.5119e+01 1.2000e+01 4.3134e-01 3.5553e-01 2.8880e-01 2.6839e-01 1.6437e-01 9.7942e-02 1.0643e-01 7.0037e-02 5.2804e-02 2.9939e-02
2.5119e+01 2.5119e+01 1.2000e+01 4.7407e-01 4.1415e-01 3.8611e-01 2.8949e-01 1.4021e-01 1.2432e-01 1.1424e-01 1.1807e-02 8.8250e-02 3.2850e-02
2.5119e+01 2.5119e+01 1.2000e+01 2.8213e+00 2.6990e-01 2.8749e+00 1.0123e-02 2.5707e+00 1.9590e-01 2.5237e+00 1.0405e-02 4.9699e-02 7.7207e-02
2.5119e+01 2.5119e+01 1.2000e+01 2.9595e-01 3.5586e-01 1.6313e-01 2.5440e-01 1.0300e-01 2.1980e-01 1.0495e-01 8.7491e-02 6.5840e-02 4.9584e-02
2.5119e+01 2.5119e+01 1.2000e+01 3.1602e-01 3.1348e-01 1.7329e-01 1.5480e-02 1.6473e-01 1.7893e-01 3.7824e-02 1.9373e-02 9.0515e-02 3.1086e-02
2.5119e+01 2.5119e+01 1.2000e+01 9.4147e-01 2.2123e-01 2.5361e-01 3.5996e-02 7.2435e-01 1.8415e-01 7.3630e-01 4.7691e-02 1.4940e-01 3.4976e-02
2.5119e+01 2.5119e+01 1.2000e+01 3.2354e-01 2.9520e-01 7.4779e-02 2.2471e-02 1.8441e-01 1.1929e-01 5.3700e-02 4.5031e-02 5.5829e-02 4.8694e-02
2.5119e+01 2.5119e+01 1.2000e+01 6.0807e-01 7.2422e-01 5.8315e-01 6.5028e-01 1.8246e-01 2.5133e-01 1.5161e-01 5.0944e-02 9.3719e-02 2.9528e-02
2.8184e+01 2.8184e+01 1.1000e+01 3.9626e-01 3.4887e-01 2.8373e-01 2.5246e-01 2.3555e-01 1.4774e-01 1.8429e-01 2.3700e-02 8.4945e-02 7.7616e-02
2.8184e+01 2.8184e+01 1.1000e+01 8.3321e-01 3.9996e-01 7.5075e-01 2.9830e-02 6.1948e-01 2.2474e-01 6.0878e-01 4.2147e-02 2.0599e-01 6.5918e-02
2.8184e+01 2.8184e+01 1.1000e+01 2.8562e-01 3.3508e-01 2.1137e-01 6.4075e-02 1.4165e-01 1.3895e-01 6.4027e-02 6.2706e-02 8.2777e-02 3.4986e-02
2.8184e+01 2.8184e+01 1.1000e+01 1.1124e+00 3.8110e-01 8.8576e-01 2.3625e-01 5.2646e-01 1.9213e-01 5.1060e-01 1.0024e-01 1.3028e-01 1.0546e-01
2.8184e+01 2.8184e+01 1.1000e+01 3.7174e-01 4.2018e-01 2.1082e-01 2.5337e-01 1.7054e-01 2.1366e-01 9.2022e-03 1.6815e-02 7.8351e-02 2.9523e-02
2.8184e+01 2.8184e+01 1.1000e+01 4.3168e-01 5.3975e-01 3.4433e-01 3.9381e-01 1.4323e-01 2.1050e-01 1.4096e-01 1.5430e-02 4.6804e-02 3.8562e-02
2.8184e+01 2.8184e+01 1.1000e+01 3.7879e-01 3.2087e-01 2.8383e-01 1.5228e-01 2.3484e-01 1.3707e-01 1.8629e-01 2.5616e-02 9.0356e-02 5.6277e-02
2.8184e+01 2.8184e+01 1.1000e+01 3.7033e-01 4.1618e-01 3.0781e-01 3.1395e-01 1.6437e-01 1.7113e-01 1.3369e-01 1.2247e-01 6.8199e-02 7.4482e-03
2.8184e+01 2.8184e+01 1.1000e+01 4.9944e-01 2.9617e-01 3.3162e-02 4.1740e-02 2.7985e-01 2.3133e-01 1.6977e-01 4.2036e-02 4.6562e-02 7.9047e-02
2.8184e+01 2.8184e+01 1.1000e+01 6.2033e-01 2.6589e-01 3.4193e-01 1.0737e-02 3.1982e-01 1.5905e-01 2.8668e-01 1.6544e-02 1.4644e-01 7.0215e-02
3.1623e+01 3.1623e+01 1.0000e+01 3.6536e-01 4.1421e-01 2.8208e-01 2.3998e-01 1.7461e-01 2.8007e-01 1.1912e-01 1.5843e-01 7.1139e-02 9.1288e-02
3.1623e+01 3.1623e+01 1.0000e+01 3.3048e+00 3.6519e-01 3.0504e+00 9.6558e-02 2.7152e+00 2.7712e-01 2.5095e+00 7.7515e-02 1.1538e-01 9.5082e-02
3.1623e+01 3.1623e+01 1.0000e+01 5.1513e-01 2.5192e-01 4.1137e-01 1.0103e-02 3.5432e-01 1.5308e-01 3.4051e-01 1.2949e-02 1.3147e-01 2.3344e-02
3.1623e+01 3.1623e+01 1.0000e+01 5.5498e-01 4.6869e-01 3.6928e-01 3.3843e-01 1.9403e-01 1.4859e-01 7.6750e-02 1.0119e-02 8.1003e-02 4.3472e-02
3.1623e+01 3.1623e+01 1.0000e+01 4.3064e-01 4.0145e-01 2.8070e-01 4.4957e-02 1.9694e-01 2.3576e-01 1.7069e-01 4.6131e-02 1.6380e-01 4.5679e-02
3.1623e+01 3.1623e+01 1.0000e+01 4.3215e-01 2.9941e-01 1.7949e-01 4.9193e-02 1.8794e-01 2.2543e-01 1.1588e-01 6.1373e-02 1.1832e-01 7.2329e-02
3.1623e+01 3.1623e+01 1.0000e+01 2.4543e+00 6.5964e-01 2.2490e+00 4.6208e-01 1.7062e+00 3.5911e-01 1.6778e+00 1.3662e-01 4.6082e-02 1.2287e-01
3.1623e+01 3.1623e+01 1.0000e+01 4.6780e+00 4.2101e-01 4.6097e+00 6.2739e-02 4.3668e+00 3.0335e-01 4.2925e+00 6.5323e-02 3.5890e-01 5.3430e-02
3.1623e+01 3.1623e+01 1.0000e+01 7.2343e-01 3.3922e-01 6.3285e-01 2.1889e-02 2.1996e-01 2.4017e-01 1.0188e-02 1.0988e-02 1.1818e-01 8.8504e-02
3.1623e+01 3.1623e+01 1.0000e+01 2.6404e-01 2.9781e-01 4.7959e-02 8.4820e-02 1.3350e-01 1.6825e-01 9.6103e-03 6.8309e-02 3.7288e-02 6.9393e-02
3.5481e+01 3.5481e+01 9.0000e+00 3.2360e-01 4.2531e-01 5.3702e-02 5.2682e-02 2.3509e-01 2.3620e-01 2.2650e-01 3.8386e-02 7.7244e-02 7.7024e-02
3.5481e+01 3.5481e+01 9.0000e+00 5.6460e-01 4.3747e-01 3.4961e-01 2.6568e-01 2.2449e-01 2.5537e-01 2.0170e-01 1.4294e-01 1.4332e-01 1.4166e-01
3.5481e+01 3.5481e+01 9.0000e+00 4.0710e-01 2.6422e-01 3.2088e-01 4.2808e-02 1.8984e-01 1.7362e-01 1.7875e-01 1.4300e-02 1.3109e-01 3.6297e-02
3.5481e+01 3.5481e+01 9.0000e+00 2.8106e+00 5.2396e-01 2.6549e+00 3.5524e-01 5.6299e-01 2.7114e-01 5.4986e-01 1.9712e-01 1.7340e-01 1.3499e-01
3.5481e+01 3.5481e+01 9.0000e+00 6.2971e-01 5.3696e-01 5.9193e-01 4.0319e-01 1.7192e-01 1.8506e-01 1.2557e-01 3.0148e-02 8.2502e-02 6.1708e-02
3.5481e+01 3.5481e+01 9.0000e+00 2.5121e+00 2.7567e-01 2.3358e+00 1.0672e-02 1.8308e+00 1.8233e-01 1.8614e+00 2.1400e-02 2.0861e-04 1.1055e-01
3.5481e+01 3.5481e+01 9.0000e+00 3.1416e-01 3.2858e-01 1.2773e-01 7.1080e-02 1.7189e-01 1.7478e-01 1.3911e-01 1.3313e-01 1.2079e-01 9.0974e-02
3.5481e+01 3.5481e+01 9.0000e+00 5.1673e-01 6.3918e-01 4.3005e-01 4.0133e-01 2.9448e-01 3.1770e-01 2.3800e-01 8.9387e-02 1.2352e-01 8.7408e-02
3.5481e+01 3.5481e+01 9.0000e+00 6.4112e-01 6.5448e-01 5.9332e-01 5.3309e-01 2.0760e-01 2.7680e-01 1.5513e-01 1.9781e-02 1.1712e-01 1.8548e-02
3.5481e+01 3.5481e+01 9.0000e+00 3.8895e+00 6.3273e-01 3.3571e+00 5.4537e-01 3.6673e+00 2.4500e-01 3.5529e+00 1.2685e-02 3.7941e-01 8.6699e-02
3.9811e+01 3.9811e+01 8.0000e+00 6.4462e-01 3.6026e-01 5.6294e-01 8.7641e-02 3.7268e-01 2.1274e-01 3.5484e-01 7.8219e-02 1.0327e-01 2.6636e-02
3.9811e+01 3.9811e+01 8.0000e+00 8.4324e-01 4.8265e-01 7.1431e-01 5.0373e-02 8.1582e-01 3.3162e-01 7.5712e-01 3.1955e-02 4.0519e-02 3.4265e-02
3.9811e+01 3.9811e+01 8.0000e+00 5.6480e-01 5.7703e-01 4.8199e-01 4.4358e-01 2.5746e-01 1.9446e-01 2.3221e-01 8.6700e-02 1.3753e-01 9.9863e-02
3.9811e+01 3.9811e+01 8.0000e+00 1.0974e+00 6.3433e-01 8.7509e-01 4.6808e-01 7.7863e-01 2.4305e-01 7.7394e-01 2.3711e-02 4.4754e-02 4.4581e-02
3.9811e+01 3.9811e+01 8.0000e+00 7.1746e-01 7.0342e-01 6.4744e-01 5.5654e-01 1.5107e-01 2.9249e-01 7.0592e-02 2.3707e-02 1.4558e-01 1.0212e-01
3.9811e+01 3.9811e+01 8.0000e+00 4.2226e+00 4.6210e-01 4.1232e+00 1.2324e-02 2.6195e+00 3.3827e-01 2.5864e+00 1.0057e-02 4.4292e-02 1.6404e-01
3.9811e+01 3.9811e+01 8.0000e+00 3.4881e-01 2.8335e-01 1.7741e-01 5.6369e-02 2.1947e-01 1.9527e-01 1.7171e-01 1.5473e-02 1.5439e-01 5.2702e-02
3.9811e+01 3.9811e+01 8.0000e+00 5.9662e-01 3.8760e-01 4.4534e-01 4.4123e-02 3.2701e-01 2.5057e-01 2.9722e-01 7.8050e-02 2.2540e-01 1.8340e-01
3.9811e+01 3.9811e+01 8.0000e+00 3.9408e-01 5.2745e-01 2.1794e-01 4.1680e-02 1.7758e-01 3.6467e-01 1.4558e-01 2.6931e-02 1.4304e-01 1.0549e-01
3.9811e+01 3.9811e+01 8.0000e+00 3.4531e-01 3.7339e-01 2.3118e-01 2.6821e-02 2.6150e-01 2.1087e-01 2.5261e-01 1.2631e-02 8.2230e-02 3.9878e-03
4.4668e+01 4.4668e+01 7.0000e+00 7.5147e+00 4.4495e-01 7.3761e+00 1.0615e-01 6.2074e+00 3.0716e-01 6.1083e+00 1.5733e-01 9.3690e-01 2.4782e-01
4.4668e+01 4.4668e+01 7.0000e+00 5.8265e-01 6.7002e-01 3.2785e-01 2.3477e-01 3.0415e-01 4.8482e-01 2.1838e-01 2.1714e-01 1.3853e-01 2.2832e-01
4.4668e+01 4.4668e+01 7.0000e+00 4.3490e-01 3.9538e-01 2.4334e-01 8.3386e-02 2.5930e-01 2.5144e-01 2.2603e-01 6.5981e-02 1.3157e-01 6.3339e-02
4.4668e+01 4.4668e+01 7.0000e+00 6.0149e-01 7.9890e-01 5.1883e-01 1.7799e-02 2.6652e-01 4.8446e-01 1.8126e-01 1.4302e-02 1.7001e-01 8.3184e-02
4.4668e+01 4.4668e+01 7.0000e+00 6.8921e-01 5.5382e-01 4.8529e-01 2.9787e-01 2.4064e-01 2.6772e-01 2.1666e-01 9.4696e-02 2.3741e-01 1.2678e-01
4.4668e+01 4.4668e+01 7.0000e+00 6.0241e-01 5.0321e-01 2.3033e-02 3.2236e-01 1.2761e-01 1.4991e-01 3.4679e-03 2.1857e-02 1.0174e-01 6.1296e-02
4.4668e+01 4.4668e+01 7.0000e+00 5.8848e-01 5.3357e-01 3.7794e-01 1.3371e-01 3.3032e-01 3.9196e-01 2.9277e-01 1.2143e-01 1.8014e-01 1.3763e-01
4.4668e+01 4.4668e+01 7.0000e+00 5.6593e-01 3.7127e-01 3.8658e-01 8.2404e-02 2.4499e-01 1.4574e-01 1.8980e-01 9.3086e-02 2.3224e-01 1.2420e-01
4.4668e+01 4.4668e+01 7.0000e+00 5.9641e+00 6.0916e-01 5.8238e+00 4.6877e-01 5.2536e+00 3.1975e-01 5.2966e+00 7.1500e-02 4.2861e-01 1.9086e-01
4.4668e+01 4.4668e+01 7.0000e+00 3.7041e+00 8.6258e-01 3.3191e+00 6.5160e-01 2.8246e+00 3.8526e-01 2.8102e+00 1.1018e-01 3.8692e-01 8.4104e-02
5.0119e+01 5.0119e+01 6.0000e+00 6.5882e-01 4.7774e-01 1.8548e-01 2.6242e-01 3.3127e-01 2.5375e-01 2.3676e-01 4.8792e-02 2.0057e-01 6.0304e-02
5.0119e+01 5.0119e+01 6.0000e+00 3.4597e+00 5.1519e-01 3.3733e+00 5.8674e-02 3.1192e+00 3.8007e-01 3.0629e+00 1.3913e-02 2.0520e-01 1.5040e-01
5.0119e+01 5.0119e+01 6.0000e+00 6.9184e-01 5.9095e-01 5.2999e-01 1.5760e-01 2.4641e-01 3.8735e-01 1.9218e-01 1.8968e-01 2.2529e-01 2.1979e-01
5.0119e+01 5.0119e+01 6.0000e+00 8.1404e+00 7.0101e-01 7.8561e+00 1.9188e-01 7.1790e+00 6.3507e-01 7.2057e+00 2.1118e-01 4.8515e-01 1.6528e-01
5.0119e+01 5.0119e+01 6.0000e+00 6.6747e-01 6.8868e-01 4.4060e-01 4.1777e-02 2.5056e-01 3.0008e-01 1.0472e-01 6.5616e-02 2.3502e-01 8.1231e-02
5.0119e+01 5.0119e+01 6.0000e+00 1.2452e+01 7.1443e-01 1.2890e+01 4.8339e-01 1.1698e+01 3.6360e-01 1.1531e+01 1.0719e-01 1.2406e+00 1.8483e-01
5.0119e+01 5.0119e+01 6.0000e+00 9.1336e-01 8.7571e-01 6.5336e-01 6.8048e-01 2.6776e-01 4.1466e-01 2.0674e-01 1.4506e-01 1.2460e-01 1.2481e-01
5.0119e+01 5.0119e+01 6.0000e+00 6.0929e-01 5.8179e-01 1.7510e-01 1.1169e-01 3.1319e-01 3.9113e-01 1.7368e-01 1.7464e-01 2.7488e-01 1.8698e-01
5.0119e+01 5.0119e+01 6.0000e+00 3.7544e+00 5.3404e-01 3.5848e+00 2.6399e-01 3.3739e+00 2.5964e-01 3.3175e+00 8.6692e-02 5.9213e-01 9.0697e-02
5.0119e+01 5.0119e+01 6.0000e+00 9.7802e-01 8.2726e-01 8.8940e-01 6.7649e-01 4.5543e-01 5.9556e-01 4.2338e-01 5.9993e-01 3.1581e-01 2.9783e-01
5.6234e+01 5.6234e+01 5.0000e+00 7.4238e-01 9.7102e-01 6.5615e-01 8.9810e-01 4.3261e-01 3.9482e-01 3.5584e-01 2.2317e-01 2.4260e-01 2.1105e-01
5.6234e+01 5.6234e+01 5.0000e+00 1.4727e+01 7.3673e-01 1.4399e+01 8.6030e-02 1.3573e+01 4.8587e-01 1.3504e+01 2.0185e-02 2.9914e+00 1.5930e-01
5.6234e+01 5.6234e+01 5.0000e+00 3.0471e+00 5.3320e-01 2.7631e+00 1.9642e-01 2.1821e+00 2.9473e-01 2.1716e+00 1.9718e-01 5.0441e-01 1.7634e-01
5.6234e+01 5.6234e+01 5.0000e+00 7.4613e-01 8.0364e-01 5.9768e-01 5.9452e-01 3.4218e-01 4.1406e-01 1.0135e-01 8.2243e-02 2.1085e-01 4.4681e-02
5.6234e+01 5.6234e+01 5.0000e+00 8.3637e+00 1.7630e+00 7.1233e+00 1.5807e+00 5.9716e+00 5.5335e-01 5.9339e+00 2.4500e-01 1.1554e+00 1.6866e-01
5.6234e+01 5.6234e+01 5.0000e+00 6.1782e-01 7.9054e-01 4.8264e-01 6.4816e-01 2.9679e-01 5.9382e-01 2.3147e-01 5.2507e-01 3.0403e-01 4.5011e-01
5.6234e+01 5.6234e+01 5.0000e+00 6.9776e-01 7.6973e-01 5.9774e-01 6.0789e-01 2.2503e-01 3.9807e-01 1.7047e-01 2.7510e-01 1.6882e-01 2.9537e-01
5.6234e+01 5.6234e+01 5.0000e+00 6.5028e+00 7.2820e-01 6.3490e+00 5.1832e-01 5.9872e+00 3.7151e-01 5.9210e+00 1.7508e-02 8.8928e-01 1.0140e-01
5.6234e+01 5.6234e+01 5.0000e+00 1.2904e+00 6.8495e-01 6.2489e-01 3.7464e-01 5.6745e-01 5.1728e-01 5.5887e-01 2.5895e-01 2.7336e-01 2.5234e-01
5.6234e+01 5.6234e+01 5.0000e+00 1.0169e+00 1.1173e+00 8.5160e-01 9.4753e-01 2.3529e-01 5.2375e-01 1.2837e-01 3.3240e-01 1.6877e-01 2.6031e-01
6.3096e+01 6.3096e+01 4.0000e+00 5.4487e+00 9.2550e-01 5.1517e+00 7.9701e-01 5.2934e+00 4.6955e-01 5.1940e+00 2.8744e-01 4.0167e-01 1.4719e-01
6.3096e+01 6.3096e+01 4.0000e+00 6.9916e-01 8.5081e-01 3.9459e-01 4.7237e-01 4.3003e-01 6.8885e-01 2.0211e-01 4.9792e-01 3.7210e-01 3.7339e-01
6.3096e+01 6.3096e+01 4.0000e+00 1.6024e+00 5.8510e-01 1.4392e+00 5.7707e-02 1.0321e+00 3.4969e-01 1.0167e+00 8.2227e-02 2.1785e-01 1.1335e-01
6.3096e+01 6.3096e+01 4.0000e+00 2.5665e+00 1.1256e+00 2.4974e+00 9.1068e-01 9.4567e-01 5.5114e-01 8.6949e-01 3.9914e-01 4.7626e-01 3.0901e-01
6.3096e+01 6.3096e+01 4.0000e+00 7.4972e+00 1.1291e+00 7.3697e+00 5.9367e-01 6.2082e+00 3.9472e-01 6.1256e+00 2.7855e-01 2.7869e-01 2.2215e-01
6.3096e+01 6.3096e+01 4.0000e+00 4.9315e-01 7.0782e-01 3.6837e-01 3.7165e-01 3.1946e-01 4.9390e-01 2.2966e-01 3.0170e-01 3.3375e-01 2.6592e-01
6.3096e+01 6.3096e+01 4.0000e+00 2.5924e+00 1.0209e+00 2.3954e+00 7.8986e-01 2.6618e+00 5.4593e-01 2.6418e+00 5.1011e-01 8.7838e-01 2.5643e-01
6.3096e+01 6.3096e+01 4.0000e+00 8.9985e-01 6.6219e-01 6.0739e-01 3.9743e-01 5.8627e-01 4.5029e-01 4.8849e-01 3.0955e-01 4.5428e-01 3.4998e-01
6.3096e+01 6.3096e+01 4.0000e+00 1.0352e+00 1.1949e+00 9.7343e-01 1.0719e+00 5.9090e-01 3.9041e-01 5.5916e-01 3.6342e-01 2.4014e-01 2.2711e-01
6.3096e+01 6.3096e+01 4.0000e+00 1.6090e+00 8.2980e-01 1.0740e+00 1.8713e-01 9.9020e-01 5.6680e-01 7.7935e-01 1.6908e-01 1.5761e-01 1.5357e-01
7.0795e+01 7.0795e+01 3.0000e+00 6.3958e-01 7.1388e-01 2.6237e-01 6.3080e-01 4.3796e-01 5.7682e-01 3.9113e-01 5.4164e-01 2.8331e-01 4.0297e-01
7.0795e+01 7.0795e+01 3.0000e+00 8.9214e-01 8.2201e-01 5.3478e-01 5.5248e-01 2.9907e-01 5.1626e-01 2.6894e-01 4.3990e-01 3.0318e-01 4.5722e-01
7.0795e+01 7.0795e+01 3.0000e+00 8.2407e-01 8.5746e-01 2.3258e-01 6.1170e-01 3.9677e-01 6.1624e-01 3.1250e-01 3.5305e-01 3.3788e-01 2.9166e-01
7.0795e+01 7.0795e+01 3.0000e+00 1.7093e+00 7.4370e-01 1.4530e+00 7.5601e-02 1.5011e+00 5.3515e-01 1.4235e+00 2.7294e-01 4.1035e-01 1.8710e-01
7.0795e+01 7.0795e+01 3.0000e+00 2.6125e+00 9.9943e-01 2.0684e+00 7.8609e-01 2.5819e+00 4.8278e-01 2.5282e+00 4.1741e-01 1.3517e-01 4.5367e-01
7.0795e+01 7.0795e+01 3.0000e+00 1.9502e+01 1.3251e+00 1.8635e+01 1.1617e+00 1.7273e+01 6.6351e-01 1.7197e+01 2.9679e-01 3.4697e+00 3.5370e-01
7.0795e+01 7.0795e+01 3.0000e+00 1.1865e+00 7.9499e-01 1.0524e+00 6.0518e-01 1.0875e+00 4.3271e-01 1.0735e+00 3.1169e-01 4.9351e-01 2.9860e-01
7.0795e+01 7.0795e+01 3.0000e+00 5.3295e+00 1.3589e+00 5.0890e+00 1.1232e+00 3.8346e+00 5.2167e-01 3.7931e+00 2.0110e-01 4.0722e-02 4.6534e-01
7.0795e+01 7.0795e+01 3.0000e+00 1.5963e+00 1.5608e+00 1.5058e+00 1.2964e+00 3.2461e-01 5.9729e-01 2.1883e-01 4.3257e-01 3.5501e-01 4.1101e-01
7.0795e+01 7.0795e+01 3.0000e+00 1.0009e+01 1.1774e+00 9.8281e+00 8.6283e-01 8.6565e+00 5.8242e-01 8.5474e+00 4.9463e-01 3.5333e-01 3.1552e-01
7.9433e+01 7.9433e+01 2.0000e+00 3.2607e+00 1.4587e+00 2.5306e+00 1.3286e+00 8.3177e-01 4.7357e-01 7.9697e-01 3.8419e-02 3.6413e-01 1.8179e-01
7.9433e+01 7.9433e+01 2.0000e+00 9.6085e+00 1.0310e+00 9.1979e+00 3.9693e-01 9.5022e+00 8.8460e-01 9.3918e+00 6.3270e-01 4.8612e-01 4.3683e-01
7.9433e+01 7.9433e+01 2.0000e+00 2.0468e+00 8.4483e-01 1.7767e+00 3.4062e-01 9.1572e-01 6.8868e-01 8.9850e-01 2.6385e-01 4.4933e-01 3.9367e-01
7.9433e+01 7.9433e+01 2.0000e+00 1.4624e+00 1.3197e+00 1.3433e+00 1.1354e+00 4.5374e-01 4.8252e-01 3.2615e-01 2.8879e-02 3.0373e-01 7.8842e-02
7.9433e+01 7.9433e+01 2.0000e+00 1.1429e+00 1.2063e+00 8.8655e-01 6.4952e-01 4.0058e-01 8.7797e-01 3.3391e-01 3.2968e-01 1.8503e-01 2.8816e-01
7.9433e+01 7.9433e+01 2.0000e+00 7.5894e-01 8.7950e-01 4.0408e-01 6.4423e-01 4.0999e-01 6.7356e-01 3.0199e-01 5.3138e-01 3.6725e-01 4.2676e-01
7.9433e+01 7.9433e+01 2.0000e+00 2.6677e+00 9.9000e-01 2.4153e+00 6.0868e-01 2.2082e+00 7.1818e-01 2.1483e+00 5.0964e-01 2.9737e-01 6.3747e-01
7.9433e+01 7.9433e+01 2.0000e+00 1.0145e+01 1.5533e+00 1.0030e+01 1.1841e+00 9.6094e+00 6.5134e-01 9.5629e+00 4.7921e-01 7.1837e-01 4.0802e-01
7.9433e+01 7.9433e+01 2.0000e+00 8.2117e+00 9.3223e-01 7.6426e+00 2.4967e-01 7.2701e+00 5.3341e-01 7.1743e+00 2.5272e-01 1.0646e+00 2.3434e-01
7.9433e+01 7.9433e+01 2.0000e+00 6.3311e-01 7.4649e-01 4.6621e-01 2.6317e-01 4.5936e-01 4.8527e-01 4.1149e-01 2.0607e-01 3.2616e-01 2.9313e-01
8.9125e+01 8.9125e+01 1.0000e+00 1.6877e+01 2.2288e+00 1.6397e+01 2.0590e+00 9.9562e+00 6.0836e-01 9.8830e+00 1.6921e-01 2.0046e-01 4.1229e-01
8.9125e+01 8.9125e+01 1.0000e+00 1.0261e+00 1.0304e+00 6.1583e-01 2.4789e-01 4.3263e-01 6.0892e-01 3.4873e-01 2.7968e-01 4.1830e-01 2.8485e-01
8.9125e+01 8.9125e+01 1.0000e+00 1.8849e+01 1.5620e+00 1.8150e+01 1.3278e+00 1.7344e+01 1.1648e+00 1.6335e+01 1.0250e+00 1.4545e+00 1.0800e+00
8.9125e+01 8.9125e+01 1.0000e+00 1.2618e+00 8.7078e-01 7.2806e-01 5.7035e-01 7.2670e-01 4.5184e-01 6.0117e-01 9.4355e-02 6.3940e-01 1.7411e-01
8.9125e+01 8.9125e+01 1.0000e+00 1.2156e+01 1.1140e+00 1.1206e+01 8.5743e-01 1.0874e+01 7.2271e-01 1.0779e+01 4.6600e-01 1.9100e+00 5.9998e-01
8.9125e+01 8.9125e+01 1.0000e+00 9.6604e-01 9.0204e-01 7.4495e-01 6.9057e-01 4.3853e-01 3.3449e-01 3.9780e-01 9.5799e-02 3.3067e-01 1.4932e-01
8.9125e+01 8.9125e+01 1.0000e+00 6.2799e+00 1.0130e+00 5.9801e+00 6.2217e-01 5.8499e+00 6.1319e-01 5.7856e+00 1.4297e-01 9.8613e-01 2.1859e-01
8.9125e+01 8.9125e+01 1.0000e+00 1.6505e+00 1.6612e+00 1.4629e+00 1.2394e+00 6.4129e-01 8.0289e-01 4.5261e-01 4.2952e-01 5.4306e-01 4.7471e-01
8.9125e+01 8.9125e+01 1.0000e+00 1.2301e+01 1.4110e+00 1.1994e+01 1.1100e+00 1.1134e+01 1.2417e+00 1.1008e+01 1.1224e+00 2.2257e+00 7.8492e-01
8.9125e+01 8.9125e+01 1.0000e+00 1.0348e+00 1.0546e+00 8.0239e-01 8.2999e-01 4.8018e-01 8.5266e-01 3.6158e-01 8.3475e-01 5.6047e-01 5.2592e-01
1.0000e+02 1.0000e+02 0.0000e+00 1.1511e+00 1.5520e+00 8.2975e-01 1.2698e+00 4.5927e-01 1.1103e+00 3.5475e-01 9.5178e-01 5.6276e-01 7.9116e-01
1.0000e+02 1.0000e+02 0.0000e+00 2.5297e+01 1.4472e+00 2.4672e+01 1.1392e+00 2.2574e+01 7.9559e-01 2.2486e+01 5.6977e-01 5.8758e+00 6.0505e-01
1.0000e+02 1.0000e+02 0.0000e+00 1.8738e+00 1.2746e+00 1.6841e+00 1.0431e+00 8.7834e-01 5.4649e-01 8.1079e-01 3.1350e-02 4.3655e-01 5.1837e-02
1.0000e+02 1.0000e+02 0.0000e+00 1.2238e+00 1.3141e+00 9.4851e-01 7.4848e-01 5.0166e-01 7.7960e-01 2.8394e-01 8.0229e-02 5.4579e-01 1.4278e-01
1.0000e+02 1.0000e+02 0.0000e+00 9.9049e+00 1.9527e+00 9.7832e+00 1.8527e+00 9.5359e+00 7.9195e-01 9.4186e+00 5.4568e-01 1.5056e+00 5.3096e-01
1.0000e+02 1.0000e+02 0.0000e+00 9.7631e-01 1.3107e+00 7.9313e-01 1.1120e+00 5.0329e-01 1.0132e+00 3.6073e-01 8.8170e-01 6.1951e-01 9.3207e-01
1.0000e+02 1.0000e+02 0.0000e+00 8.6644e+00 2.0833e+00 8.2570e+00 1.9371e+00 9.0463e+00 6.5333e-01 8.9855e+00 5.1725e-01 1.7706e+00 5.4318e-01
1.0000e+02 1.0000e+02 0.0000e+00 1.2471e+00 1.2129e+00 1.1375e+00 7.0660e-01 7.2272e-01 8.2430e-01 6.7553e-01 2.5833e-01 5.4304e-01 2.5185e-01
1.0000e+02 1.0000e+02 0.0000e+00 1.2617e+00 1.0192e+00 2.4803e-01 2.8569e-01 4.3781e-01 5.2428e-01 2.3077e-01 3.6073e-01 4.2392e-01 4.3796e-01
1.0000e+02 1.0000e+02 0.0000e+00 8.1640e+00 1.8224e+00 7.7719e+00 1.5924e+00 6.7367e+00 5.3354e-01 6.6830e+00 2.1876e-01 1.2692e+00 2.9819e-01
1.1220e+02 1.1220e+02 -1.0000e+00 5.1949e+00 1.3089e+00 4.9903e+00 5.9026e-01 4.2450e+00 9.6496e-01 4.2045e+00 5.3785e-01 3.5682e-02 1.0346e+00
1.1220e+02 1.1220e+02 -1.0000e+00 1.3273e+01 1.5223e+00 1.2715e+01 1.2791e+00 1.0923e+01 1.3012e+00 1.0827e+01 1.2004e+00 7.6904e-02 1.3321e+00
1.1220e+02 1.1220e+02 -1.0000e+00 4.1831e+00 1.6036e+00 4.0078e+00 1.1921e+00 3.3329e+00 8.4924e-01 3.2506e+00 5.7310e-01 1.1565e+00 5.4302e-01
1.1220e+02 1.1220e+02 -1.0000e+00 1.7129e+00 1.5525e+00 1.3931e+00 1.0884e+00 1.2775e+00 9.7083e-01 1.2068e+00 6.7842e-01 6.1026e-01 4.4401e-01
1.1220e+02 1.1220e+02 -1.0000e+00 1.1215e+00 1.7504e+00 6.9505e-01 1.2017e+00 7.9526e-01 1.4205e+00 7.3746e-01 1.0681e+00 5.9564e-01 8.7405e-01
1.1220e+02 1.1220e+02 -1.0000e+00 1.2129e+01 1.8621e+00 1.1640e+01 1.5893e+00 1.0488e+01 1.5617e+00 1.0381e+01 1.4467e+00 2.0140e+00 1.3532e+00
1.1220e+02 1.1220e+02 -1.0000e+00 7.5396e+00 1.1668e+00 7.1977e+00 8.6746e-01 5.6097e+00 9.3286e-01 5.5306e+00 6.5935e-01 4.5345e-02 5.9447e-01
1.1220e+02 1.1220e+02 -1.0000e+00 6.4990e+00 1.2784e+00 6.3711e+00 1.2439e+00 6.0552e+00 7.0703e-01 5.9537e+00 4.1437e-01 1.2620e+00 4.6233e-01
1.1220e+02 1.1220e+02 -1.0000e+00 1.2501e+00 1.3784e+00 9.7905e-01 1.1411e+00 6.2093e-01 5.3961e-01 5.3350e-01 5.0786e-01 5.8073e-01 4.6570e-01
1.1220e+02 1.1220e+02 -1.0000e+00 9.3856e-01 1.0374e+00 2.7108e-01 6.3454e-01 4.4963e-01 7.2537e-01 3.4285e-01 5.8691e-01 6.1749e-01 5.7783e-01
1.2589e+02 1.2589e+02 -2.0000e+00 1.5821e+00 1.7875e+00 1.3742e+00 1.4866e+00 6.2132e-01 1.1200e+00 4.5499e-01 1.0078e+00 5.8484e-01 9.6806e-01
1.2589e+02 1.2589e+02 -2.0000e+00 1.8095e+00 2.1596e+00 1.5579e+00 1.5348e+00 1.6284e+00 1.3830e+00 1.6232e+00 1.1366e+00 1.0227e+00 1.4707e+00
1.2589e+02 1.2589e+02 -2.0000e+00 8.7086e+00 1.8702e+00 9.0941e+00 1.4463e+00 5.8580e+00 1.2963e+00 5.8103e+00 9.7569e-01 1.3099e-01 8.4591e-01
1.2589e+02 1.2589e+02 -2.0000e+00 1.3172e+00 1.5080e+00 9.6178e-01 9.9038e-01 9.3563e-01 1.1871e+00 7.7804e-01 5.7670e-01 3.9978e-01 3.8918e-01
1.2589e+02 1.2589e+02 -2.0000e+00 1.2465e+00 1.3904e+00 8.0007e-01 1.2491e+00 8.6720e-01 8.9129e-01 8.0014e-01 7.2536e-01 6.5823e-01 6.3104e-01
1.2589e+02 1.2589e+02 -2.0000e+00 1.1143e+01 2.0796e+00 1.0832e+01 1.7905e+00 9.4476e+00 1.2648e+00 9.4215e+00 1.0602e+00 2.0289e+00 1.0906e+00
1.2589e+02 1.2589e+02 -2.0000e+00 1.5413e+01 3.8466e+00 1.4753e+01 3.6942e+00 1.0753e+00 1.6501e+00 1.0012e+00 1.6130e+00 8.7208e-01 1.3948e+00
1.2589e+02 1.2589e+02 -2.0000e+00 4.8344e+00 1.1763e+00 4.3858e+00 8.7796e-01 3.9184e+00 9.1957e-01 3.8602e+00 8.1994e-01 3.1236e-01 7.5477e-01
1.2589e+02 1.2589e+02 -2.0000e+00 2.9327e+00 3.1000e+00 2.8430e+00 2.9113e+00 6.1842e-01 6.1417e-01 5.1087e-01 3.4135e-01 5.4262e-01 4.1884e-01
1.2589e+02 1.2589e+02 -2.0000e+00 1.1715e+01 1.6931e+00 1.1578e+01 1.5194e+00 1.1242e+01 1.2192e+00 1.1208e+01 1.1835e+00 4.1720e-01 5.3476e-01
1.4125e+02 1.4125e+02 -3.0000e+00 1.4452e+01 1.3677e+00 1.4282e+01 2.8387e-01 1.3282e+01 9.5811e-01 1.3253e+01 1.2309e-01 3.0219e+00 2.6178e-01
1.4125e+02 1.4125e+02 -3.0000e+00 2.2787e+00 1.8181e+00 2.0127e+00 1.7355e+00 1.4524e+00 7.3874e-01 1.3069e+00 6.6696e-01 9.4853e-01 7.0293e-01
1.4125e+02 1.4125e+02 -3.0000e+00 1.5858e+00 1.8733e+00 1.1547e+00 1.5555e+00 7.4648e-01 1.0664e+00 6.9736e-01 7.5101e-01 8.9417e-01 4.1735e-02
1.4125e+02 1.4125e+02 -3.0000e+00 1.2608e+00 1.5005e+00 1.0930e+00 1.2831e+00 7.7144e-01 9.6787e-01 6.6784e-01 5.3328e-01 5.7663e-01 8.1285e-01
1.4125e+02 1.4125e+02 -3.0000e+00 2.0495e+01 1.7414e+00 1.9850e+01 1.3413e+00 1.7916e+01 1.1475e+00 1.7605e+01 1.1176e+00 2.8960e+00 1.0465e+00
1.4125e+02 1.4125e+02 -3.0000e+00 7.7984e+00 1.6622e+00 7.6543e+00 1.3128e+00 6.4246e+00 1.1793e+00 6.3884e+00 1.0753e+00 1.4509e+00 1.3566e+00
1.4125e+02 1.4125e+02 -3.0000e+00 2.4152e+00 2.2079e+00 2.1432e+00 1.8155e+00 1.5999e+00 1.2415e+00 1.5371e+00 1.1756e+00 8.1466e-01 1.2782e+00
1.4125e+02 1.4125e+02 -3.0000e+00 1.6588e+00 2.0128e+00 1.1928e+00 1.7137e+00 6.3197e-01 1.6845e+00 5.2332e-01 1.8827e+00 7.1144e-01 2.0558e+00
1.4125e+02 1.4125e+02 -3.0000e+00 1.4445e+00 1.2664e+00 9.1465e-01 6.5327e-01 1.0663e+00 8.7348e-01 9.9014e-01 6.7630e-01 7.5853e-01 4.3683e-01
1.4125e+02 1.4125e+02 -3.0000e+00 2.4864e+01 1.7673e+00 2.4338e+01 1.5818e+00 2.1426e+01 1.3829e+00 2.1275e+01 1.1621e+00 3.8805e+00 7.6431e-01
1.5849e+02 1.5849e+02 -4.0000e+00 5.2231e+00 2.0037e+00 5.0976e+00 1.8035e+00 3.6370e+00 6.4188e-01 3.5048e+00 6.4056e-01 1.2285e+00 5.0172e-01
1.5849e+02 1.5849e+02 -4.0000e+00 5.2088e+00 2.1992e+00 5.3467e+00 1.8973e+00 3.6293e+00 1.8942e+00 3.5282e+00 1.7929e+00 4.5542e-01 2.1073e+00
1.5849e+02 1.5849e+02 -4.0000e+00 1.9312e+00 1.8362e+00 1.6993e+00 1.3672e+00 1.0003e+00 7.3385e-01 8.7798e-01 5.8081e-01 9.4027e-01 4.6672e-01
1.5849e+02 1.5849e+02 -4.0000e+00 9.2909e+00 3.7380e+00 8.6961e+00 3.5854e+00 6.4048e+00 9.8228e-01 6.2966e+00 7.8377e-01 7.6299e-01 9.0658e-01
1.5849e+02 1.5849e+02 -4.0000e+00 1.0881e+01 1.9540e+00 1.0601e+01 1.7073e+00 1.0952e+01 7.4184e-01 1.1157e+01 5.9468e-01 2.1104e+00 4.6640e-01
1.5849e+02 1.5849e+02 -4.0000e+00 2.0170e+00 1.8364e+00 6.3496e-01 1.1900e+00 8.7621e-01 1.3067e+00 5.0856e-01 1.2907e+00 5.8135e-01 1.3163e+00
1.5849e+02 1.5849e+02 -4.0000e+00 2.8541e+01 1.7716e+00 2.7787e+01 1.4912e+00 2.6852e+01 1.0700e+00 2.6809e+01 9.2878e-01 2.0519e+00 8.9694e-01
1.5849e+02 1.5849e+02 -4.0000e+00 2.8073e+01 2.1761e+00 2.7588e+01 1.8186e+00 2.6410e+01 1.4023e+00 2.6193e+01 1.2276e+00 4.6657e+00 1.1368e+00
1.5849e+02 1.5849e+02 -4.0000e+00 2.0463e+00 1.6249e+00 1.7136e+00 1.4063e+00 1.2263e+00 1.1925e+00 1.0995e+00 1.1218e+00 9.9552e-01 1.0350e+00
1.5849e+02 1.5849e+02 -4.0000e+00 2.5150e+01 1.7844e+00 2.4346e+01 1.3092e+00 2.3507e+01 1.0506e+00 2.3302e+01 9.0973e-01 8.2204e-01 6.9095e-01
1.7783e+02 1.7783e+02 -5.0000e+00 8.4840e+00 2.3849e+00 8.3997e+00 1.6201e+00 6.7873e+00 1.7692e+00 6.7429e+00 1.6743e+00 1.9782e+00 1.7283e+00
1.7783e+02 1.7783e+02 -5.0000e+00 7.6607e+00 2.9745e+00 6.5797e+00 2.2994e+00 5.0086e+00 9.7639e-01 4.7783e+00 5.7311e-01 5.0625e-01 6.1263e-01
1.7783e+02 1.7783e+02 -5.0000e+00 4.9906e+00 3.9177e+00 4.4581e+00 3.8025e+00 2.1290e+00 2.7696e+00 1.9997e+00 2.7137e+00 5.7992e-01 2.9097e+00
1.7783e+02 1.7783e+02 -5.0000e+00 8.8668e+00 2.5926e+00 8.7787e+00 2.1842e+00 6.1890e+00 1.4214e+00 6.1507e+00 1.3896e+00 1.8859e+00 1.2321e+00
1.7783e+02 1.7783e+02 -5.0000e+00 9.9740e+00 3.4759e+00 9.7263e+00 2.3170e+00 5.6719e+00 2.0100e+00 5.5881e+00 1.9016e+00 2.9282e-01 1.6182e+00
1.7783e+02 1.7783e+02 -5.0000e+00 2.5732e+00 2.3809e+00 2.1303e+00 2.1077e+00 1.3758e+00 1.8847e+00 1.2325e+00 1.7799e+00 1.0317e+00 1.7993e+00
1.7783e+02 1.7783e+02 -5.0000e+00 2.3772e+00 2.0815e+00 1.3714e+00 2.0672e+00 9.3641e-01 1.2153e+00 6.6550e-01 7.8262e-01 1.3225e+00 1.0915e+00
1.7783e+02 1.7783e+02 -5.0000e+00 2.1346e+00 1.9069e+00 1.4252e+00 1.5153e+00 1.7533e+00 1.3349e+00 1.6745e+00 1.2240e+00 1.2067e+00 1.1556e+00
1.7783e+02 1.7783e+02 -5.0000e+00 2.2559e+01 2.0465e+00 1.9736e+01 1.4089e+00 2.0272e+01 1.2673e+00 1.9706e+01 1.2561e+00 1.4733e+00 8.5941e-01
1.7783e+02 1.7783e+02 -5.0000e+00 2.8159e+00 3.7794e+00 2.6099e+00 3.6583e+00 9.6512e-01 1.9997e+00 8.6017e-01 1.9531e+00 1.1262e+00 1.9286e+00
1.9953e+02 1.9953e+02 -6.0000e+00 1.7070e+01 2.1663e+00 1.6941e+01 1.5977e+00 1.6092e+01 1.7089e+00 1.6020e+01 1.6050e+00 3.9875e-01 1.2947e+00
1.9953e+02 1.9953e+02 -6.0000e+00 3.4499e+01 2.8366e+00 3.4324e+01 2.5543e+00 3.4056e+01 2.6037e+00 3.3967e+01 2.4319e+00 7.9955e+00 2.1547e+00
1.9953e+02 1.9953e+02 -6.0000e+00 1.3354e+01 2.5614e+00 1.3024e+01 2.1988e+00 9.1452e+00 2.1307e+00 9.0406e+00 2.0216e+00 1.9297e-01 1.3496e+00
1.9953e+02 1.9953e+02 -6.0000e+00 2.0501e+01 5.2900e+00 1.9646e+01 5.2471e+00 2.2626e+00 1.9634e+00 2.1083e+00 1.9202e+00 1.9225e+00 1.9140e+00
1.9953e+02 1.9953e+02 -6.0000e+00 5.1168e+01 8.2379e+00 5.0287e+01 7.9073e+00 5.5147e+01 3.2675e+00 5.4787e+01 3.0262e+00 1.0677e+01 1.6707e+01
1.9953e+02 1.9953e+02 -6.0000e+00 5.2833e+00 2.1711e+00 5.2579e+00 1.2189e+00 3.3216e+00 1.5400e+00 3.2995e+00 1.2189e+00 1.5961e+00 1.3795e+00
2.2387e+02 2.2387e+02 -7.0000e+00 1.0550e+01 3.6164e+00 1.0561e+01 3.2787e+00 7.2196e+00 3.2063e+00 7.1095e+00 3.0019e+00 1.8581e+00 1.8837e+00
2.2387e+02 2.2387e+02 -7.0000e+00 5.0033e+01 3.6417e+00 4.8835e+01 3.3287e+00 4.7106e+01 1.5903e+00 4.6811e+01 6.2932e-01 1.1911e+01 2.2389e+00
2.2387e+02 2.2387e+02 -7.0000e+00 4.5239e+00 3.0702e+00 3.9605e+00 2.6077e+00 9.0647e-01 2.4277e+00 6.4946e-01 2.2718e+00 9.0349e-01 2.3727e+00
2.2387e+02 2.2387e+02 -7.0000e+00 1.1081e+01 3.2591e+00 1.0604e+01 3.0014e+00 9.0850e+00 2.1493e+00 8.9806e+00 2.0379e+00 6.1829e-01 2.2944e+00
2.2387e+02 2.2387e+02 -7.0000e+00 4.4389e+01 2.9316e+00 4.3052e+01 2.4987e+00 4.1889e+01 2.1791e+00 4.1688e+01 2.1058e+00 7.8448e+00 2.7869e+00
2.2387e+02 2.2387e+02 -7.0000e+00 1.9097e+00 2.2574e+00 1.6905e+00 1.6076e+00 8.0181e-01 1.6586e+00 4.5910e-01 1.6341e+00 7.4322e-01 1.6746e+00
2.2387e+02 2.2387e+02 -7.0000e+00 4.5961e+00 3.8158e+00 4.1943e+00 3.7391e+00 2.1147e+00 1.8815e+00 2.0692e+00 1.8045e+00 1.4233e+00 1.7588e+00
2.2387e+02 2.2387e+02 -7.0000e+00 3.3555e+01 4.7309e+00 3.0762e+01 4.4876e+00 2.5773e+01 2.6013e+00 2.5501e+01 2.3788e+00 2.0253e-02 2.3392e+00
2.2387e+02 2.2387e+02 -7.0000e+00 4.1402e+01 3.8641e+00 3.9894e+01 3.6738e+00 3.8877e+01 2.2219e+00 3.8482e+01 2.1152e+00 3.7778e+00 1.5774e+00
2.2387e+02 2.2387e+02 -7.0000e+00 3.1814e+00 3.7719e+00 2.5870e+00 3.3489e+00 1.7693e+00 1.8016e+00 1.6973e+00 1.4796e+00 1.0353e+00 1.9342e+00
2.5119e+02 2.5119e+02 -8.0000e+00 1.5326e+01 3.4084e+00 1.4944e+01 3.1737e+00 1.0208e+01 2.8070e+00 1.0155e+01 2.7665e+00 2.3886e+00 2.0085e+00
2.5119e+02 2.5119e+02 -8.0000e+00 2.4614e+01 5.0611e+00 2.4417e+01 4.7106e+00 2.1842e+01 2.5767e+00 2.1647e+01 2.4437e+00 4.1777e+00 1.5456e+00
2.5119e+02 2.5119e+02 -8.0000e+00 2.1722e+01 3.7927e+00 2.1294e+01 3.5773e+00 2.0520e+01 2.1688e+00 2.0428e+01 2.0567e+00 3.1607e+00 2.0960e+00
2.5119e+02 2.5119e+02 -8.0000e+00 5.0279e+01 3.5150e+00 4.9322e+01 3.0910e+00 4.7538e+01 2.7130e+00 4.6596e+01 2.5083e+00 1.0487e+01 1.7542e+00
2.5119e+02 2.5119e+02 -8.0000e+00 2.7029e+00 3.3583e+00 2.5094e+00 3.0539e+00 2.0324e+00 2.8796e+00 1.9502e+00 2.6986e+00 1.4141e+00 2.8734e+00
2.5119e+02 2.5119e+02 -8.0000e+00 2.9572e+01 3.3978e+00 2.7222e+01 2.2134e+00 2.5247e+01 2.8059e+00 2.5117e+01 2.7750e+00 3.5182e-01 1.7391e+00
2.5119e+02 2.5119e+02 -8.0000e+00 7.8195e+00 3.7532e+00 2.0212e+00 3.3993e+00 3.8892e+00 2.9171e+00 3.8380e+00 2.8008e+00 1.8347e+00 2.8199e+00
2.5119e+02 2.5119e+02 -8.0000e+00 4.2583e+01 2.7655e+00 3.9268e+01 2.2035e+00 3.7906e+01 2.6142e+00 3.7726e+01 1.6756e+00 3.6131e+00 9.4151e-01
2.5119e+02 2.5119e+02 -8.0000e+00 3.7012e+01 3.6859e+00 3.5093e+01 3.2757e+00 3.4867e+01 1.8102e+00 3.4707e+01 1.6346e+00 6.6600e+00 2.7839e+00
2.5119e+02 2.5119e+02 -8.0000e+00 1.2366e+01 3.9973e+00 1.1766e+01 3.5527e+00 4.4923e+00 3.2732e+00 4.4445e+00 3.1421e+00 2.4897e+00 8.0352e-01
2.8184e+02 2.8184e+02 -9.0000e+00 3.8672e+00 3.2269e+00 3.4455e+00 2.8851e+00 2.7615e+00 2.6969e+00 2.7092e+00 2.6564e+00 2.1456e+00 2.1875e+00
2.8184e+02 2.8184e+02 -9.0000e+00 5.0750e+01 7.0179e+00 4.9756e+01 6.2376e+00 4.3857e+01 5.3651e+00 4.3783e+01 5.2630e+00 4.6943e+00 5.2351e+00
2.8184e+02 2.8184e+02 -9.0000e+00 2.5843e+00 2.9125e+00 2.0824e+00 2.4517e+00 1.4827e+00 2.2997e+00 1.3207e+00 1.6798e+00 1.2112e+00 1.6116e+00
2.8184e+02 2.8184e+02 -9.0000e+00 3.0021e+00 3.1891e+00 2.4427e+00 2.7533e+00 2.2132e+00 2.5321e+00 2.1058e+00 2.4280e+00 1.8634e+00 2.2784e+00
2.8184e+02 2.8184e+02 -9.0000e+00 1.3502e+01 4.1017e+00 1.3381e+01 4.0070e+00 1.4737e+00 2.7651e+00 1.3086e+00 2.7054e+00 1.5409e+00 2.6239e+00
2.8184e+02 2.8184e+02 -9.0000e+00 2.8194e+00 6.0562e+00 1.8751e+00 5.6976e+00 1.6167e+00 5.3056e+00 1.3094e+00 4.7751e+00 1.7724e+00 4.4314e+00
2.8184e+02 2.8184e+02 -9.0000e+00 3.7194e+00 5.3885e+00 3.1955e+00 5.0313e+00 1.4951e+00 4.5359e+00 1.3420e+00 4.5147e+00 1.4722e+00 4.9063e+00
2.8184e+02 2.8184e+02 -9.0000e+00 2.0079e+00 2.5991e+00 1.5146e+00 1.7172e+00 1.5049e+00 1.9220e+00 1.3723e+00 1.5860e+00 1.2009e+00 1.4196e+00
2.8184e+02 2.8184e+02 -9.0000e+00 3.8700e+00 5.6429e+00 3.5317e+00 4.8408e+00 2.5830e+00 4.3079e+00 2.5844e+00 4.1709e+00 1.9779e+00 4.0844e+00
2.8184e+02 2.8184e+02 -9.0000e+00 2.4429e+00 3.3075e+00 2.0319e+00 2.8399e+00 1.6349e+00 1.5832e+00 1.5817e+00 1.3444e+00 1.3768e+00 1.2369e+00
3.1623e+02 3.1623e+02 -1.0000e+01 9.1771e+01 1.7754e+01 9.0686e+01 1.7721e+01 9.4995e+01 9.9138e+00 9.4509e+01 9.7343e+00 1.6795e+01 3.6743e+01
3.1623e+02 3.1623e+02 -1.0000e+01 2.9242e+00 3.4090e+00 2.3239e+00 2.8953e+00 2.0491e+00 3.2319e+00 1.8556e+00 3.1880e+00 1.3224e+00 2.9531e+00
3.1623e+02 3.1623e+02 -1.0000e+01 4.0189e+01 8.2152e+00 3.9769e+01 8.0310e+00 2.5928e+01 3.6349e+00 2.5750e+01 3.5260e+00 4.5002e+00 3.1593e+00
3.1623e+02 3.1623e+02 -1.0000e+01 7.0056e+00 5.1027e+00 6.9512e+00 4.7225e+00 5.0774e+00 2.6606e+00 5.1836e+00 2.4566e+00 2.7684e+00 2.7355e+00
3.1623e+02 3.1623e+02 -1.0000e+01 1.8401e+01 5.2127e+00 1.7460e+01 5.3351e+00 2.6844e+00 4.4189e+00 2.4603e+00 4.2239e+00 1.0106e+00 5.0747e+00
3.1623e+02 3.1623e+02 -1.0000e+01 5.9591e+00 8.2314e+00 4.6039e+00 7.1934e+00 5.6641e+00 2.9304e+00 5.6270e+00 2.7895e+00 3.3348e+00 3.1238e+00
3.1623e+02 3.1623e+02 -1.0000e+01 2.4365e+01 4.3398e+00 2.4271e+01 3.8923e+00 1.9293e+01 4.3210e+00 1.9239e+01 4.2247e+00 5.1115e+00 3.4112e+00
3.1623e+02 3.1623e+02 -1.0000e+01 4.2077e+00 4.9099e+00 3.8821e+00 4.7673e+00 3.0470e+00 3.5503e+00 2.9466e+00 3.4491e+00 1.6133e+00 3.4417e+00
3.1623e+02 3.1623e+02 -1.0000e+01 5.9513e+01 6.0863e+00 6.0158e+01 5.7106e+00 5.4327e+01 5.6414e+00 5.4290e+01 5.4931e+00 1.1421e+01 5.9918e+00
3.1623e+02 3.1623e+02 -1.0000e+01 5.2023e+00 4.5679e+00 4.7611e+00 4.1334e+00 2.8145e+00 1.7890e+00 2.4145e+00 1.6799e+00 2.1046e+00 1.6322e+00
3.5481e+02 3.5481e+02 -1.1000e+01 4.7454e+00 5.7973e+00 4.5616e+00 6.6160e+00 3.8649e+00 3.6336e+00 3.7428e+00 4.2806e+00 2.3508e+00 4.1237e+00
3.5481e+02 3.5481e+02 -1.1000e+01 4.2027e+01 3.8783e+00 4.0828e+01 2.1795e+00 3.3980e+01 2.5444e+00 3.3760e+01 2.1275e+00 6.1205e+00 2.5724e+00
3.5481e+02 3.5481e+02 -1.1000e+01 2.7570e+01 6.9241e+01 2.6663e+01 6.8378e+01 1.5304e+01 5.4574e+01 1.5238e+01 5.3681e+01 4.3857e+00 4.1065e+01
3.5481e+02 3.5481e+02 -1.1000e+01 5.3826e+00 7.6443e+00 5.0402e+00 7.5448e+00 1.6939e+00 4.5620e+00 1.4923e+00 4.4295e+00 2.2156e+00 4.4406e+00
3.5481e+02 3.5481e+02 -1.1000e+01 4.4468e+01 4.3360e+00 4.3484e+01 3.9098e+00 3.8435e+01 3.7319e+00 3.7638e+01 3.6483e+00 1.2161e+00 3.2192e+00
3.5481e+02 3.5481e+02 -1.1000e+01 3.5486e+00 5.0879e+00 2.4212e+00 5.5371e+00 2.2790e+00 4.0025e+00 2.0229e+00 3.9479e+00 2.4202e+00 4.4585e+00
3.5481e+02 3.5481e+02 -1.1000e+01 3.7608e+01 5.3240e+00 3.6727e+01 5.3681e+00 3.3757e+01 3.5303e+00 3.3467e+01 3.2958e+00 1.4236e+00 2.8726e+00
3.5481e+02 3.5481e+02 -1.1000e+01 4.5223e+01 1.5519e+01 4.4047e+01 1.5278e+01 1.0721e+01 5.2604e+00 1.0631e+01 4.5910e+00 2.0586e+00 3.4146e+00
3.5481e+02 3.5481e+02 -1.1000e+01 1.2047e+01 8.2627e+00 1.1771e+01 8.2778e+00 5.5941e+00 8.1609e+00 5.1206e+00 8.3288e+00 1.5765e+00 8.8844e+00
3.5481e+02 3.5481e+02 -1.1000e+01 5.1302e+01 6.0940e+00 5.0334e+01 5.6820e+00 1.4065e+01 2.3998e+01 1.4153e+01 2.3822e+01 5.8708e+00 1.7196e+01
3.9811e+02 3.9811e+02 -1.2000e+01 8.2930e+01 2.5196e+01 8.0332e+01 2.5026e+01 7.3559e+01 2.7880e+01 7.4313e+01 2.7842e+01 1.1894e+01 4.4662e+01
3.9811e+02 3.9811e+02 -1.2000e+01 3.0635e+01 4.8655e+00 2.9760e+01 3.9380e+00 2.6939e+01 4.4572e+00 2.6722e+01 4.1185e+00 6.2024e-01 6.8313e+00
3.9811e+02 3.9811e+02 -1.2000e+01 4.8260e+00 5.9094e+00 4.2767e+00 5.0798e+00 1.6444e+00 4.0235e+00 1.2238e+00 3.6938e+00 1.9677e+00 4.2015e+00
3.9811e+02 3.9811e+02 -1.2000e+01 1.6631e+01 6.9501e+00 1.6162e+01 6.5494e+00 1.0970e+01 6.3165e+00 1.0887e+01 6.1077e+00 3.8055e+00 6.5501e+00
3.9811e+02 3.9811e+02 -1.2000e+01 9.7872e+01 1.1204e+01 9.7031e+01 1.0196e+01 7.7554e+01 1.1914e+01 7.7014e+01 1.1746e+01 1.8291e+00 4.5445e+01
3.9811e+02 3.9811e+02 -1.2000e+01 5.6256e+00 4.4054e+00 5.2295e+00 4.0649e+00 1.7994e+00 3.7887e+00 1.6766e+00 3.6557e+00 1.6325e+00 3.1256e+00
3.9811e+02 3.9811e+02 -1.2000e+01 5.6840e+00 5.5043e+00 5.3897e+00 5.0999e+00 1.6908e+00 6.6406e+00 1.1268e+00 6.5435e+00 2.0044e+00 6.0561e+00
3.9811e+02 3.9811e+02 -1.2000e+01 1.8164e+01 7.2307e+00 1.7962e+01 6.6669e+00 1.2424e+01 6.3647e+00 1.1855e+01 6.2603e+00 2.8830e+00 5.8111e+00
3.9811e+02 3.9811e+02 -1.2000e+01 2.3936e+01 8.9621e+00 2.3625e+01 8.3861e+00 1.8270e+01 6.5917e+00 1.8177e+01 6.2691e+00 4.9338e+00 4.5589e+00
3.9811e+02 3.9811e+02 -1.2000e+01 1.6606e+01 5.3841e+00 1.6542e+01 5.0480e+00 7.4630e+00 3.1742e+00 7.3212e+00 3.0755e+00 1.1584e+00 3.0607e+00
4.4668e+02 4.4668e+02 -1.3000e+01 4.5613e+01 8.1420e+00 4.4769e+01 9.1979e+00 3.4978e+01 1.0666e+01 3.4557e+01 1.0739e+01 6.0599e-02 1.4150e+01
4.4668e+02 4.4668e+02 -1.3000e+01 5.3800e+01 5.9483e+00 5.3585e+01 5.4569e+00 5.0913e+01 3.5688e+00 5.0803e+01 3.2180e+00 9.3735e+00 3.0512e+00
4.4668e+02 4.4668e+02 -1.3000e+01 1.0445e+02 2.4270e+01 1.0215e+02 2.4395e+01 9.4903e+01 3.2566e+01 9.4506e+01 2.8962e+01 2.7567e+01 5.1983e+01
4.4668e+02 4.4668e+02 -1.3000e+01 3.5657e+00 6.9025e+00 2.7518e+00 6.6479e+00 2.0847e+00 5.9822e+00 1.6149e+00 5.9312e+00 2.8576e+00 5.7706e+00
4.4668e+02 4.4668e+02 -1.3000e+01 5.6782e+00 1.4360e+01 5.1480e+00 1.4834e+01 4.1121e+00 1.2378e+01 3.7530e+00 1.2178e+01 2.5380e+00 9.2712e+00
4.4668e+02 4.4668e+02 -1.3000e+01 5.7883e+00 1.6307e+01 5.3498e+00 1.7046e+01 2.8391e+00 1.5847e+01 2.6695e+00 1.5801e+01 2.2690e+00 1.6686e+01
4.4668e+02 4.4668e+02 -1.3000e+01 1.2046e+02 2.6899e+01 1.1845e+02 2.6354e+01 9.8314e+01 4.7226e+01 9.8134e+01 4.7195e+01 1.6514e+01 1.0522e+02
4.4668e+02 4.4668e+02 -1.3000e+01 2.8523e+00 5.3867e+00 1.6704e+00 4.9608e+00 2.4348e+00 4.4963e+00 2.2419e+00 4.3310e+00 2.5993e+00 3.9043e+00
4.4668e+02 4.4668e+02 -1.3000e+01 3.9729e+01 6.5952e+00 3.9470e+01 6.1142e+00 3.4194e+01 6.2235e+00 3.3925e+01 6.1079e+00 5.2070e+00 8.6024e+00
4.4668e+02 4.4668e+02 -1.3000e+01 1.0128e+02 1.9452e+01 1.0062e+02 1.9271e+01 8.6329e+01 3.1297e+01 8.5690e+01 3.1376e+01 1.8837e+01 5.0843e+01
5.0119e+02 5.0119e+02 -1.4000e+01 7.7376e+01 1.8860e+01 7.5420e+01 1.8614e+01 6.3582e+01 1.8226e+01 6.3195e+01 1.7773e+01 1.3862e+01 1.7757e+01
5.0119e+02 5.0119e+02 -1.4000e+01 4.1318e+00 1.4200e+01 3.5302e+00 1.2077e+01 2.4273e+00 1.4535e+01 2.2264e+00 1.4448e+01 2.5095e+00 1.4430e+01
5.0119e+02 5.0119e+02 -1.4000e+01 6.4906e+00 6.3641e+00 5.6364e+00 5.8813e+00 4.6455e+00 6.1323e+00 4.4216e+00 5.9841e+00 3.5465e+00 6.1985e+00
5.0119e+02 5.0119e+02 -1.4000e+01 1.1944e+02 3.7141e+01 1.1787e+02 3.8212e+01 1.2279e+02 2.6119e+01 1.2197e+02 2.5971e+01 2.6336e+01 4.7174e+01
5.0119e+02 5.0119e+02 -1.4000e+01 3.3563e+00 4.8358e+00 2.7440e+00 4.8679e+00 2.6300e+00 3.5797e+00 2.3418e+00 3.5351e+00 2.6084e+00 3.3620e+00
5.0119e+02 5.0119e+02 -1.4000e+01 4.0710e+01 1.6839e+01 4.1215e+01 1.5553e+01 1.7736e+01 1.1203e+01 1.7518e+01 1.0669e+01 9.3768e-01 1.1046e+01
5.0119e+02 5.0119e+02 -1.4000e+01 6.3341e+01 6.6591e+00 6.2594e+01 6.2687e+00 5.8361e+01 5.0525e+00 5.8142e+01 4.9484e+00 1.2613e+01 4.7061e+00
5.0119e+02 5.0119e+02 -1.4000e+01 8.3087e+00 1.0771e+01 7.8594e+00 1.1104e+01 2.8478e+00 1.0206e+01 2.7349e+00 1.0081e+01 2.5457e+00 8.2321e+00
5.0119e+02 5.0119e+02 -1.4000e+01 2.5037e+01 1.9530e+01 2.4125e+01 1.9291e+01 9.4616e+00 2.1367e+01 9.1907e+00 2.2183e+01 1.7147e+00 2.1008e+01
5.0119e+02 5.0119e+02 -1.4000e+01 2.7153e+01 1.2675e+01 2.6829e+01 1.2243e+01 1.8482e+01 1.2798e+01 1.7816e+01 1.2743e+01 1.0424e+00 1.4199e+01
5.6234e+02 5.6234e+02 -1.5000e+01 1.0548e+02 3.2718e+01 1.0234e+02 3.2557e+01 9.8474e+01 3.0932e+01 9.8228e+01 3.0914e+01 2.0367e+01 3.6709e+01
5.6234e+02 5.6234e+02 -1.5000e+01 1.0486e+02 2.8458e+01 1.0369e+02 2.8550e+01 9.8797e+01 3.0844e+01 9.8555e+01 3.0815e+01 6.2465e+00 5.8467e+01
5.6234e+02 5.6234e+02 -1.5000e+01 1.1511e+02 2.7596e+01 1.1456e+02 2.7601e+01 1.0747e+02 2.8490e+01 1.0666e+02 2.8142e+01 2.3507e+01 3.9736e+01
5.6234e+02 5.6234e+02 -1.5000e+01 1.3993e+02 8.4955e+01 1.3277e+02 8.3115e+01 2.1109e+01 2.8865e+01 2.0890e+01 2.8718e+01 2.0557e-01 2.3075e+01
5.6234e+02 5.6234e+02 -1.5000e+01 5.0860e+00 2.8986e+01 4.5090e+00 3.0021e+01 4.0464e+00 2.7322e+01 3.6344e+00 2.7285e+01 1.6773e+00 2.6418e+01
5.6234e+02 5.6234e+02 -1.5000e+01 7.2218e+01 8.1159e+00 7.0084e+01 8.4290e+00 6.7282e+01 6.3408e+00 6.6483e+01 6.0649e+00 2.6225e+00 7.0526e+00
5.6234e+02 5.6234e+02 -1.5000e+01 5.8386e+00 7.2965e+00 4.9133e+00 6.9149e+00 5.7585e+00 7.2937e+00 5.5885e+00 7.0902e+00 3.5090e+00 5.9103e+00
5.6234e+02 5.6234e+02 -1.5000e+01 9.0048e+01 1.7116e+01 8.9757e+01 1.7276e+01 9.1132e+01 1.5770e+01 9.0902e+01 1.5783e+01 1.9574e+01 1.8039e+01
5.6234e+02 5.6234e+02 -1.5000e+01 8.5857e+01 2.3424e+01 8.4904e+01 2.2032e+01 4.2432e+01 1.8063e+01 4.2265e+01 1.7912e+01 3.9649e-01 2.0174e+01
5.6234e+02 5.6234e+02 -1.5000e+01 4.0418e+00 2.5329e+01 3.1235e+00 2.4834e+01 2.8078e+00 2.5345e+01 2.6030e+00 2.4758e+01 2.8602e+00 2.6881e+01
6.3096e+02 6.3096e+02 -1.6000e+01 4.0359e+01 1.7770e+01 3.9989e+01 1.7394e+01 2.4805e+01 1.8464e+01 2.4556e+01 1.8342e+01 6.5982e+00 1.6511e+01
6.3096e+02 6.3096e+02 -1.6000e+01 3.9669e+01 2.5826e+01 3.9607e+01 2.5286e+01 3.6835e+01 2.7412e+01 3.6677e+01 2.7317e+01 1.1393e+01 2.4496e+01
6.3096e+02 6.3096e+02 -1.6000e+01 7.5165e+01 3.0342e+01 7.2671e+01 3.0343e+01 4.2796e+01 3.0324e+01 4.2524e+01 3.0296e+01 9.3257e+00 3.0900e+01
6.3096e+02 6.3096e+02 -1.6000e+01 1.0803e+01 2.1167e+01 1.0093e+01 2.0905e+01 9.6615e+00 2.0705e+01 9.5718e+00 2.0815e+01 4.5595e+00 2.1284e+01
6.3096e+02 6.3096e+02 -1.6000e+01 3.7515e+01 1.1578e+02 3.7282e+01 1.1571e+02 3.1033e+01 1.1708e+02 3.0908e+01 1.1706e+02 9.7441e+00 1.2544e+02
6.3096e+02 6.3096e+02 -1.6000e+01 6.6384e+01 2.2468e+01 6.5940e+01 2.2024e+01 5.0077e+01 2.4548e+01 4.9858e+01 2.4423e+01 9.0434e+00 2.4383e+01
6.3096e+02 6.3096e+02 -1.6000e+01 6.8069e+01 1.7178e+01 6.7774e+01 1.6846e+01 6.5187e+01 1.6939e+01 6.4934e+01 1.6809e+01 1.8797e+00 1.8449e+01
6.3096e+02 6.3096e+02 -1.6000e+01 7.9042e+01 3.4657e+01 7.3273e+01 3.4001e+01 6.3234e+01 3.4122e+01 6.2205e+01 3.3937e+01 3.0445e-01 2.9520e+01
6.3096e+02 6.3096e+02 -1.6000e+01 1.5679e+02 2.4219e+01 1.5490e+02 2.3905e+01 1.4248e+02 3.3861e+01 1.4219e+02 3.3825e+01 3.0749e+01 5.0622e+01
6.3096e+02 6.3096e+02 -1.6000e+01 5.6456e+00 2.1040e+01 4.7063e+00 2.0911e+01 5.1411e+00 1.9943e+01 4.9431e+00 1.9891e+01 3.9314e+00 1.9627e+01
7.0795e+02 7.0795e+02 -1.7000e+01 9.1923e+00 3.0290e+01 8.7903e+00 3.0822e+01 5.6859e+00 2.9864e+01 5.6614e+00 2.9840e+01 3.6414e+00 2.9754e+01
7.0795e+02 7.0795e+02 -1.7000e+01 1.7411e+02 5.6232e+02 1.7206e+02 5.5647e+02 5.4769e+00 3.5049e+02 5.6980e+00 3.4941e+02 7.2062e+00 3.2237e+02
7.0795e+02 7.0795e+02 -1.7000e+01 6.1334e+00 2.5439e+01 5.2640e+00 2.5509e+01 3.0483e+00 2.5070e+01 2.7065e+00 2.5188e+01 4.4560e+00 2.4716e+01
7.0795e+02 7.0795e+02 -1.7000e+01 1.2592e+02 7.2392e+01 1.2502e+02 7.2981e+01 1.1186e+02 8.4410e+01 1.1197e+02 8.4395e+01 3.0969e+01 9.5270e+01
7.0795e+02 7.0795e+02 -1.7000e+01 6.3085e+00 3.2189e+01 5.3215e+00 3.2893e+01 3.6520e+00 3.2353e+01 3.4667e+00 3.2079e+01 2.0320e+00 3.1436e+01
7.0795e+02 7.0795e+02 -1.7000e+01 1.8282e+02 6.8792e+01 1.8062e+02 6.8830e+01 1.7476e+02 6.4575e+01 1.7450e+02 6.4558e+01 4.1774e+01 8.1672e+01
7.0795e+02 7.0795e+02 -1.7000e+01 8.1858e+00 2.3267e+01 7.1314e+00 2.3567e+01 5.3962e+00 2.0793e+01 5.2735e+00 2.0725e+01 5.5105e+00 2.1059e+01
7.0795e+02 7.0795e+02 -1.7000e+01 7.9605e+01 1.3360e+01 7.8295e+01 1.2484e+01 7.0213e+01 1.0187e+01 6.9882e+01 1.0070e+01 6.1663e+00 1.3044e+01
7.0795e+02 7.0795e+02 -1.7000e+01 1.6084e+02 8.8750e+01 1.5824e+02 8.8814e+01 1.4874e+02 8.8387e+01 1.4819e+02 8.8428e+01 2.7072e+01 1.1690e+02
7.0795e+02 7.0795e+02 -1.7000e+01 1.4885e+01 1.9390e+01 1.4421e+01 1.9138e+01 1.0020e+01 1.9702e+01 9.8263e+00 1.9661e+01 5.5182e+00 2.0445e+01
7.9433e+02 7.9433e+02 -1.8000e+01 2.1208e+02 9.0862e+01 2.0925e+02 9.0623e+01 2.0539e+02 8.5598e+01 2.0426e+02 8.5854e+01 5.4554e+01 9.1252e+01
7.9433e+02 7.9433e+02 -1.8000e+01 1.2110e+02 5.4100e+01 1.1532e+02 5.4096e+01 7.5960e+01 5.9119e+01 7.5709e+01 5.9101e+01 1.3112e+01 5.8209e+01
7.9433e+02 7.9433e+02 -1.8000e+01 5.8799e+00 4.9091e+01 4.9870e+00 4.8898e+01 4.7555e+00 4.9475e+01 4.3807e+00 4.9398e+01 5.3930e+00 4.7153e+01
7.9433e+02 7.9433e+02 -1.8000e+01 8.8059e+01 1.0951e+02 8.5953e+01 1.0937e+02 1.0919e+01 1.9736e+02 1.0496e+01 1.9713e+02 2.9192e+00 1.9492e+02
7.9433e+02 7.9433e+02 -1.8000e+01 9.9553e+00 2.6813e+01 8.2662e+00 2.6746e+01 8.1593e+00 2.7303e+01 8.0345e+00 2.7226e+01 6.8493e+00 2.6444e+01
7.9433e+02 7.9433e+02 -1.8000e+01 3.4573e+01 5.5544e+01 3.3860e+01 5.6007e+01 1.1410e+01 5.9057e+01 1.1327e+01 5.8309e+01 6.3379e+00 5.8467e+01
7.9433e+02 7.9433e+02 -1.8000e+01 4.0918e+01 3.0787e+01 4.0424e+01 3.1062e+01 3.5059e+01 3.2195e+01 3.4937e+01 3.1908e+01 9.1758e+00 3.5244e+01
7.9433e+02 7.9433e+02 -1.8000e+01 1.8150e+02 4.0686e+02 1.7880e+02 4.0729e+02 1.6851e+02 4.0573e+02 1.6934e+02 4.0585e+02 1.2854e+01 5.1647e+02
7.9433e+02 7.9433e+02 -1.8000e+01 9.1024e+00 7.3850e+01 8.5125e+00 7.4491e+01 6.7734e+00 7.3803e+01 6.5962e+00 7.3786e+01 5.8272e+00 7.3131e+01
7.9433e+02 7.9433e+02 -1.8000e+01 1.5064e+02 1.6176e+02 1.4674e+02 1.6173e+02 1.4502e+02 1.5743e+02 1.4470e+02 1.5742e+02 2.8173e+01 1.9326e+02
8.9125e+02 8.9125e+02 -1.9000e+01 1.9947e+02 2.7931e+02 1.9622e+02 2.7937e+02 6.6536e+01 3.8608e+02 6.6569e+01 3.8549e+02 2.3118e+00 3.6497e+02
8.9125e+02 8.9125e+02 -1.9000e+01 1.2007e+01 8.0291e+01 1.1655e+01 8.0432e+01 5.4382e+00 8.1159e+01 5.3042e+00 8.1077e+01 5.2778e+00 8.3513e+01
8.9125e+02 8.9125e+02 -1.9000e+01 8.6687e+01 9.9784e+01 8.4078e+01 9.9009e+01 6.9617e+01 1.0107e+02 6.8660e+01 1.0104e+02 1.4629e+01 1.0479e+02
8.9125e+02 8.9125e+02 -1.9000e+01 5.5156e+00 3.9647e+01 5.5472e+00 3.8667e+01 3.9855e+00 4.0790e+01 3.6826e+00 4.0704e+01 4.2569e+00 4.1317e+01
8.9125e+02 8.9125e+02 -1.9000e+01 6.6226e+00 7.2942e+01 5.3495e+00 7.3749e+01 5.6515e+00 6.7219e+01 5.3254e+00 6.7172e+01 5.4083e+00 6.8049e+01
8.9125e+02 8.9125e+02 -1.9000e+01 4.8078e+01 8.4302e+01 4.7025e+01 8.4204e+01 3.3252e+01 8.6500e+01 3.3220e+01 8.6476e+01 8.0216e-01 8.6681e+01
8.9125e+02 8.9125e+02 -1.9000e+01 7.4601e+00 5.3695e+01 6.5054e+00 5.3647e+01 5.1322e+00 5.4193e+01 4.7598e+00 5.4149e+01 4.7924e+00 5.2173e+01
8.9125e+02 8.9125e+02 -1.9000e+01 1.9383e+01 1.1427e+02 1.8786e+01 1.1423e+02 8.4363e+00 1.1728e+02 8.4911e+00 1.1727e+02 5.5511e+00 1.1849e+02
8.9125e+02 8.9125e+02 -1.9000e+01 2.3827e+01 6.3755e+01 2.2456e+01 6.3040e+01 1.9246e+01 6.4324e+01 1.9107e+01 6.3687e+01 7.5312e+00 6.5279e+01
8.9125e+02 8.9125e+02 -1.9000e+01 1.6076e+02 1.2600e+02 1.5673e+02 1.2657e+02 1.3654e+02 1.3286e+02 1.3529e+02 1.3282e+02 1.1927e+01 1.3914e+02
1.0000e+03 1.0000e+03 -2.0000e+01 4.4463e+01 9.5501e+01 4.4066e+01 9.5385e+01 1.3482e+01 9.0561e+01 1.3382e+01 9.0527e+01 3.5683e+00 9.2854e+01
1.0000e+03 1.0000e+03 -2.0000e+01 3.6847e+01 3.7836e+01 3.6658e+01 3.9067e+01 2.0228e+01 4.1272e+01 2.0121e+01 4.1154e+01 8.3545e+00 4.1448e+01
1.0000e+03 1.0000e+03 -2.0000e+01 9.2915e+00 8.9937e+01 9.0193e+00 8.8500e+01 6.4599e+00 9.1819e+01 6.0048e+00 9.1810e+01 5.8506e+00 8.9903e+01
1.0000e+03 1.0000e+03 -2.0000e+01 1.1069e+02 2.4889e+02 1.1014e+02 2.4884e+02 6.0714e+01 3.0530e+02 6.0258e+01 3.0516e+02 1.4495e+01 3.2642e+02
1.0000e+03 1.0000e+03 -2.0000e+01 1.5707e+02 1.6556e+02 1.5500e+02 1.6586e+02 1.2867e+02 1.6816e+02 1.2832e+02 1.6816e+02 2.3047e+01 1.8357e+02
1.0000e+03 1.0000e+03 -2.0000e+01 9.6907e+00 1.5906e+02 8.8843e+00 1.5898e+02 5.5899e+00 1.6025e+02 5.1938e+00 1.6021e+02 7.0154e+00 1.6000e+02
1.0000e+03 1.0000e+03 -2.0000e+01 2.5061e+02 9.8340e+02 2.4997e+02 9.8378e+02 1.5261e+02 1.0460e+03 1.4995e+02 1.0460e+03 4.0647e+01 1.1227e+03
1.0000e+03 1.0000e+03 -2.0000e+01 1.6231e+01 7.1135e+01 1.4123e+01 7.0921e+01 8.8903e+00 7.0214e+01 8.7358e+00 7.0152e+01 7.2060e+00 7.0042e+01
