# noise_perc_th noise_perc SNR_dB Param_f1 Param_f2 SR_f1 SR_f2 SR_CC_f1 SR_CC_f2
0.0000e+00 0.0000e+00 inf 8.6819e-16 6.2774e-16 1.0000e+06 1.0000e+06 1.1159e-05 1.9180e-05
0.0000e+00 0.0000e+00 inf 8.6819e-16 6.2774e-16 1.2099e-07 0.0000e+00 2.3257e-07 2.1154e-06
0.0000e+00 0.0000e+00 inf 8.6819e-16 6.2774e-16 9.4522e-09 0.0000e+00 7.5012e-07 6.9103e-06
0.0000e+00 0.0000e+00 inf 8.6819e-16 6.2774e-16 9.4522e-09 0.0000e+00 6.5711e-07 1.2974e-05
0.0000e+00 0.0000e+00 inf 8.6819e-16 6.2774e-16 1.1036e-09 0.0000e+00 1.0512e-05 2.8910e-06
0.0000e+00 0.0000e+00 inf 8.6819e-16 6.2774e-16 5.6859e-06 1.1282e-06 1.1623e-06 2.7500e-06
1.0000e+00 9.8807e-01 4.0000e+01 8.9899e-04 1.6381e-04 8.9219e-04 1.7036e-04 8.8667e-04 1.6789e-04
1.0000e+00 1.0224e+00 4.0000e+01 4.7019e-04 2.2993e-05 5.3688e-04 1.0961e-05 4.6407e-04 8.6590e-05
1.0000e+00 9.6003e-01 4.0000e+01 4.6730e-04 5.1776e-04 7.8030e-04 4.1314e-04 7.0385e-04 4.1427e-04
1.0000e+00 9.6506e-01 4.0000e+01 1.8460e-04 9.5757e-04 2.2728e-04 1.0334e-03 2.5870e-04 1.3479e-03
1.0000e+00 9.9656e-01 4.0000e+01 6.0480e-04 8.7241e-04 1.1319e-02 1.0085e-03 5.6039e-04 9.5475e-04
1.0000e+00 1.0431e+00 4.0000e+01 8.7987e-04 6.2399e-04 4.1331e-04 5.3111e-04 4.1086e-04 5.3012e-04
1.0000e+00 1.0171e+00 4.0000e+01 4.3730e-04 8.7715e-06 6.5892e-04 4.5622e-05 6.5715e-04 9.3783e-06
1.0000e+00 1.0247e+00 4.0000e+01 3.2890e-04 1.4530e-05 6.2215e-04 5.4484e-05 5.1105e-04 4.4635e-05
1.0000e+00 9.9582e-01 4.0000e+01 6.1737e-04 1.7364e-04 6.3065e-04 1.4681e-04 6.1616e-04 1.3623e-04
1.0000e+00 1.0069e+00 4.0000e+01 1.0415e-03 1.4412e-04 9.2352e-04 1.0415e-04 9.5197e-04 9.4135e-05
1.1220e+00 1.1279e+00 3.9000e+01 3.4748e-04 8.1339e-05 2.0158e-04 4.0968e-05 2.0008e-04 3.7019e-05
1.1220e+00 1.1391e+00 3.9000e+01 3.4406e-04 2.7424e-04 3.3736e-04 2.4764e-04 3.3610e-04 2.5921e-04
1.1220e+00 1.1122e+00 3.9000e+01 1.0414e-03 2.4918e-04 1.1226e-02 2.4863e-04 3.1215e-03 1.5915e-04
1.1220e+00 1.1160e+00 3.9000e+01 2.9963e-04 1.1222e-04 1.1342e-02 1.7494e-04 7.4200e-04 1.5901e-04
1.1220e+00 1.1391e+00 3.9000e+01 1.3465e-03 4.0832e-04 1.2657e-03 3.8387e-04 1.2672e-03 3.8204e-04
1.1220e+00 1.0907e+00 3.9000e+01 5.8209e-04 8.7282e-05 4.9370e-04 6.0259e-05 4.9073e-04 2.0202e-04
1.1220e+00 1.1279e+00 3.9000e+01 1.5413e-03 6.0629e-04 1.6512e-03 5.7609e-04 1.4949e-03 5.9203e-04
1.1220e+00 1.1037e+00 3.9000e+01 8.7020e-04 1.6871e-04 9.3359e-04 1.5160e-04 1.0015e-03 1.4836e-04
1.1220e+00 1.0955e+00 3.9000e+01 1.4895e-03 3.8018e-04 1.5445e-03 3.5912e-04 1.5474e-03 3.3339e-04
1.1220e+00 1.1224e+00 3.9000e+01 6.2107e-04 3.6184e-05 1.7494e-04 1.4758e-04 2.1197e-04 1.4286e-04
1.2589e+00 1.2230e+00 3.8000e+01 7.3071e-04 4.0034e-04 7.6954e-04 3.7132e-04 7.6895e-04 3.7562e-04
1.2589e+00 1.2980e+00 3.8000e+01 2.1298e-04 7.5877e-05 4.0275e-04 1.1564e-04 2.8475e-04 1.1712e-04
1.2589e+00 1.2451e+00 3.8000e+01 1.9826e-04 4.2361e-04 3.3177e-04 3.2394e-04 1.8892e-04 3.6166e-04
1.2589e+00 1.2550e+00 3.8000e+01 1.1767e-03 1.8994e-04 1.4663e-03 2.7162e-04 1.4710e-03 2.7557e-04
1.2589e+00 1.2673e+00 3.8000e+01 1.1359e-03 7.0413e-05 1.1873e-03 1.5268e-04 1.1809e-03 5.0170e-04
1.2589e+00 1.2204e+00 3.8000e+01 6.4649e-04 1.3206e-04 1.1218e-02 1.0415e-04 3.0108e-03 1.4166e-04
1.2589e+00 1.2352e+00 3.8000e+01 6.0766e-04 2.9238e-04 1.0142e-03 2.0040e-04 9.3577e-04 2.0357e-04
1.2589e+00 1.2728e+00 3.8000e+01 3.9966e-04 2.0831e-05 1.1227e-02 1.9321e-05 3.8143e-04 2.1366e-05
1.2589e+00 1.3079e+00 3.8000e+01 5.0238e-04 3.4422e-04 1.1821e-02 4.8295e-04 7.3152e-04 4.4987e-04
1.2589e+00 1.2424e+00 3.8000e+01 9.1001e-04 9.9262e-06 1.1183e-02 1.8630e-04 5.5984e-04 8.5251e-05
1.4125e+00 1.4022e+00 3.7000e+01 7.5280e-04 4.8036e-04 1.1177e-02 4.2597e-04 1.0675e-03 5.0276e-04
1.4125e+00 1.4826e+00 3.7000e+01 8.0630e-04 1.2069e-04 6.4683e-04 3.9276e-04 3.0379e-04 7.4984e-04
1.4125e+00 1.4420e+00 3.7000e+01 1.0734e-03 5.4520e-04 1.6468e-03 6.5665e-04 1.6856e-03 6.6734e-04
1.4125e+00 1.4292e+00 3.7000e+01 2.0611e-03 2.6262e-04 2.0536e-03 2.7401e-04 1.0099e-02 2.6915e-04
1.4125e+00 1.3804e+00 3.7000e+01 7.6500e-04 3.9001e-05 1.0868e-02 1.6458e-04 1.0217e-03 3.1865e-04
1.4125e+00 1.3518e+00 3.7000e+01 1.1691e-03 7.3021e-04 1.4206e-03 7.8432e-04 3.1494e-03 8.5392e-04
1.4125e+00 1.4194e+00 3.7000e+01 1.5481e-03 8.9417e-04 1.6153e-03 7.9264e-04 1.7163e-03 7.8651e-04
1.4125e+00 1.3860e+00 3.7000e+01 7.7457e-04 3.9623e-05 1.0852e-03 2.3833e-05 1.0997e-03 2.9968e-05
1.4125e+00 1.3902e+00 3.7000e+01 5.6419e-04 1.3850e-04 3.4562e-04 2.9334e-05 3.2749e-04 3.0462e-05
1.4125e+00 1.4266e+00 3.7000e+01 2.7263e-04 4.3763e-06 7.0370e-05 6.4590e-05 7.1991e-05 7.3616e-05
1.5849e+00 1.5888e+00 3.6000e+01 1.8826e-03 2.8250e-04 2.4659e-03 9.4488e-06 2.4673e-03 2.4468e-05
1.5849e+00 1.6127e+00 3.6000e+01 2.4170e-04 4.7555e-04 1.8900e-04 4.5300e-04 1.7950e-04 2.3093e-04
1.5849e+00 1.5270e+00 3.6000e+01 2.0058e-03 5.5147e-04 1.9959e-03 5.4754e-04 1.9181e-03 5.1305e-04
1.5849e+00 1.5426e+00 3.6000e+01 6.4927e-04 7.2598e-04 1.1021e-02 7.5640e-04 9.1692e-04 6.7108e-04
1.5849e+00 1.5367e+00 3.6000e+01 3.4580e-04 1.3336e-04 2.9317e-04 1.4596e-05 1.0933e-04 4.5340e-05
1.5849e+00 1.5925e+00 3.6000e+01 9.1325e-04 4.6986e-05 1.1528e-03 3.3564e-05 1.1963e-03 3.5821e-05
1.5849e+00 1.5839e+00 3.6000e+01 1.1525e-03 3.6464e-04 1.1106e-03 3.5446e-04 6.8288e-04 3.6900e-04
1.5849e+00 1.6032e+00 3.6000e+01 4.6138e-04 1.3619e-04 4.4974e-04 1.3242e-04 4.6438e-04 1.4258e-04
1.5849e+00 1.5642e+00 3.6000e+01 1.0560e-03 6.2831e-04 1.2491e-03 5.8879e-04 1.2513e-03 4.6412e-04
1.5849e+00 1.6174e+00 3.6000e+01 9.6456e-04 4.2273e-04 1.1563e-02 5.5889e-04 1.0078e-03 6.0416e-04
1.7783e+00 1.7558e+00 3.5000e+01 4.3167e-04 1.1801e-04 5.4971e-04 8.8424e-05 4.6329e-04 2.8868e-04
1.7783e+00 1.7673e+00 3.5000e+01 6.2648e-04 5.0590e-04 8.4194e-04 5.5501e-04 8.2080e-04 5.6072e-04
1.7783e+00 1.8165e+00 3.5000e+01 1.3127e-03 9.9698e-04 1.1694e-03 9.0384e-04 1.4577e-03 9.0116e-04
1.7783e+00 1.7649e+00 3.5000e+01 1.7034e-03 1.2790e-03 1.9898e-03 1.1132e-03 1.9926e-03 1.1009e-03
1.7783e+00 1.7532e+00 3.5000e+01 1.6093e-03 2.7727e-04 1.6037e-03 2.5596e-04 1.6123e-03 2.1711e-04
1.7783e+00 1.7837e+00 3.5000e+01 4.2540e-04 6.1277e-04 4.1253e-04 4.7244e-04 3.9958e-04 5.0473e-04
1.7783e+00 1.7614e+00 3.5000e+01 2.3618e-03 2.6500e-04 2.6250e-03 3.4601e-04 2.5874e-03 5.1954e-04
1.7783e+00 1.7509e+00 3.5000e+01 7.0595e-04 5.3756e-04 1.0338e-03 4.6828e-04 1.0092e-03 7.6098e-04
1.7783e+00 1.7751e+00 3.5000e+01 4.7571e-04 8.3497e-04 7.1153e-04 7.3919e-04 1.1448e-03 6.7333e-04
1.7783e+00 1.8049e+00 3.5000e+01 6.9786e-04 1.6539e-04 1.9627e-03 4.0975e-04 1.9076e-03 4.1229e-04
1.9953e+00 1.9560e+00 3.4000e+01 1.0342e-03 4.3989e-04 8.2127e-03 4.4339e-04 1.7379e-03 2.4616e-04
1.9953e+00 2.0170e+00 3.4000e+01 6.8540e-04 4.6318e-05 1.9834e-02 3.2535e-04 1.9835e-02 5.8738e-05
1.9953e+00 1.9303e+00 3.4000e+01 2.0578e-03 6.6669e-04 1.9800e-02 9.5440e-04 1.3986e-02 9.5588e-04
1.9953e+00 1.9871e+00 3.4000e+01 1.6053e-03 6.6509e-04 1.6776e-03 6.3518e-04 1.6028e-03 6.2884e-04
1.9953e+00 1.9451e+00 3.4000e+01 1.5321e-03 1.4697e-04 1.9794e-02 4.5326e-04 1.9792e-02 4.3119e-04
1.9953e+00 1.9619e+00 3.4000e+01 2.8280e-04 1.8140e-04 1.1088e-02 1.8249e-04 1.9870e-02 5.4881e-04
1.9953e+00 2.0355e+00 3.4000e+01 8.6526e-04 9.0135e-04 1.9875e-02 6.6339e-04 1.9874e-02 6.9519e-04
1.9953e+00 1.9928e+00 3.4000e+01 1.2957e-03 1.7367e-04 1.0908e-02 2.7141e-04 1.9849e-02 2.0858e-04
1.9953e+00 1.9768e+00 3.4000e+01 8.5005e-04 7.1342e-04 9.4761e-04 7.5943e-04 9.5504e-04 7.5583e-04
1.9953e+00 1.8838e+00 3.4000e+01 1.7703e-03 2.0030e-04 1.9993e-02 4.8654e-04 1.9993e-02 4.4261e-04
2.2387e+00 2.3222e+00 3.3000e+01 1.6730e-03 2.8036e-04 1.9787e-02 7.4984e-04 1.9787e-02 7.2276e-04
2.2387e+00 2.2052e+00 3.3000e+01 2.4155e-04 8.0740e-04 1.9836e-02 5.2434e-04 1.9837e-02 5.7292e-04
2.2387e+00 2.2149e+00 3.3000e+01 1.6738e-03 1.1502e-04 1.9790e-02 4.6412e-04 1.9789e-02 4.6362e-04
2.2387e+00 2.2203e+00 3.3000e+01 8.6666e-04 1.9089e-04 1.1065e-02 1.8037e-04 1.9956e-02 1.8221e-04
2.2387e+00 2.2504e+00 3.3000e+01 1.6199e-03 7.1113e-04 1.9798e-02 8.9143e-04 1.9800e-02 8.9679e-04
2.2387e+00 2.1661e+00 3.3000e+01 2.0749e-03 2.3153e-04 2.0029e-02 6.3617e-04 2.0029e-02 6.3977e-04
2.2387e+00 2.2727e+00 3.3000e+01 2.6823e-03 5.5992e-04 2.0106e-02 1.1282e-06 2.0106e-02 2.2183e-04
2.2387e+00 2.2170e+00 3.3000e+01 9.7992e-04 1.4787e-04 1.9800e-02 5.9668e-04 1.9803e-02 5.1545e-04
2.2387e+00 2.3072e+00 3.3000e+01 6.0089e-04 5.0903e-04 1.9909e-02 6.9653e-04 1.9909e-02 6.9801e-04
2.2387e+00 2.3231e+00 3.3000e+01 2.1626e-03 4.9163e-04 1.9788e-02 1.1374e-04 1.9788e-02 1.1529e-04
2.5119e+00 2.5323e+00 3.2000e+01 1.9992e-04 3.0294e-04 1.9842e-02 6.9801e-04 1.9843e-02 6.4111e-04
2.5119e+00 2.4781e+00 3.2000e+01 2.2177e-03 3.3543e-04 1.9974e-02 5.6890e-04 1.9978e-02 1.8630e-04
2.5119e+00 2.4958e+00 3.2000e+01 8.9928e-04 6.2750e-04 1.9825e-02 1.0736e-03 1.9825e-02 1.0688e-03
2.5119e+00 2.4911e+00 3.2000e+01 1.5026e-03 2.3220e-03 2.0021e-02 1.9360e-03 2.0022e-02 1.9354e-03
2.5119e+00 2.4853e+00 3.2000e+01 1.1982e-03 4.7770e-04 1.5546e-03 7.0711e-04 1.9987e-02 6.5154e-04
2.5119e+00 2.5460e+00 3.2000e+01 1.3826e-03 2.5092e-04 1.9998e-02 7.5484e-04 1.9999e-02 7.6867e-04
2.5119e+00 2.4490e+00 3.2000e+01 2.3992e-03 1.7033e-04 2.0179e-02 9.0257e-05 2.3978e-03 5.5000e-05
2.5119e+00 2.4872e+00 3.2000e+01 2.0559e-03 1.0283e-03 2.0116e-02 1.2951e-03 2.0116e-02 1.2963e-03
2.5119e+00 2.4524e+00 3.2000e+01 3.0060e-03 6.5843e-05 2.0290e-02 5.1834e-04 2.0290e-02 5.0868e-04
2.5119e+00 2.5135e+00 3.2000e+01 1.4266e-03 2.3901e-04 1.9791e-02 6.7615e-04 1.9789e-02 7.3447e-04
2.8184e+00 2.9567e+00 3.1000e+01 2.5922e-03 5.5545e-04 2.0213e-02 9.5010e-04 2.0216e-02 9.5771e-04
2.8184e+00 2.8237e+00 3.1000e+01 1.6779e-03 2.2576e-03 1.1454e-02 2.2127e-03 1.9989e-02 3.8440e-03
2.8184e+00 2.8402e+00 3.1000e+01 1.5160e-03 4.2205e-05 1.9805e-02 9.9988e-05 1.9803e-02 1.1402e-04
2.8184e+00 2.8020e+00 3.1000e+01 2.6717e-03 1.8321e-04 1.9820e-02 4.3041e-04 1.9820e-02 4.3641e-04
2.8184e+00 2.8681e+00 3.1000e+01 1.0153e-03 2.9644e-04 1.1692e-02 5.4697e-04 1.9839e-02 1.1085e-04
2.8184e+00 2.7933e+00 3.1000e+01 1.4054e-03 1.9873e-03 1.1611e-02 1.6728e-03 1.9927e-02 2.1404e-03
2.8184e+00 2.7706e+00 3.1000e+01 1.7018e-03 1.0327e-03 1.9788e-02 1.5104e-03 1.9793e-02 7.7402e-04
2.8184e+00 2.7425e+00 3.1000e+01 2.3356e-03 3.1147e-04 2.1515e-03 3.8035e-04 2.0112e-02 9.2937e-05
2.8184e+00 2.7433e+00 3.1000e+01 1.3523e-03 2.4495e-04 1.9961e-02 3.2196e-04 1.9961e-02 3.1773e-04
2.8184e+00 2.8174e+00 3.1000e+01 1.8887e-03 2.3878e-04 2.0004e-02 1.5238e-04 2.0009e-02 1.5936e-04
3.1623e+00 3.3452e+00 3.0000e+01 6.8396e-04 4.9557e-04 1.9827e-02 3.2203e-04 1.9827e-02 3.3233e-04
3.1623e+00 3.1346e+00 3.0000e+01 1.6511e-03 1.4650e-03 1.9859e-02 1.8984e-03 1.9877e-02 1.8969e-03
3.1623e+00 3.2472e+00 3.0000e+01 1.5086e-03 4.3783e-04 1.1480e-02 3.5059e-04 1.9789e-02 7.2065e-05
3.1623e+00 3.0569e+00 3.0000e+01 2.7887e-04 5.1303e-04 1.9865e-02 1.4949e-05 1.9852e-02 1.5795e-05
3.1623e+00 3.1103e+00 3.0000e+01 1.0316e-03 1.0312e-03 1.9863e-02 1.3137e-03 1.9878e-02 1.3178e-03
3.1623e+00 3.1091e+00 3.0000e+01 1.7015e-03 1.2059e-03 1.9911e-02 8.8903e-04 1.9911e-02 8.8431e-04
3.1623e+00 3.0538e+00 3.0000e+01 1.0896e-03 1.1492e-03 1.9797e-02 8.3269e-04 1.9797e-02 8.5624e-04
3.1623e+00 3.1252e+00 3.0000e+01 2.8243e-03 3.9531e-04 1.9843e-02 3.0173e-04 3.6470e-02 3.4107e-04
3.1623e+00 3.0588e+00 3.0000e+01 1.9162e-03 7.7162e-04 2.0038e-02 3.7055e-04 2.0040e-02 3.4199e-04
3.1623e+00 3.1073e+00 3.0000e+01 4.8748e-04 1.0814e-03 1.9825e-02 1.5534e-03 1.9826e-02 1.5468e-03
3.5481e+00 3.6378e+00 2.9000e+01 4.1724e-04 7.2287e-04 1.9852e-02 9.8465e-04 1.9878e-02 1.0040e-03
3.5481e+00 3.6722e+00 2.9000e+01 3.3039e-03 9.3627e-04 1.0680e-02 9.9663e-04 2.0180e-02 6.8877e-04
3.5481e+00 3.6671e+00 2.9000e+01 4.3302e-03 6.3499e-04 1.9864e-02 1.7318e-04 1.9864e-02 1.7783e-04
3.5481e+00 3.5775e+00 2.9000e+01 1.3921e-03 1.6138e-05 1.9892e-02 2.7810e-04 1.9891e-02 2.7267e-04
3.5481e+00 3.7313e+00 2.9000e+01 8.8586e-04 6.2761e-04 1.9945e-02 6.2545e-04 1.9960e-02 2.4870e-03
3.5481e+00 3.4512e+00 2.9000e+01 2.5113e-03 2.0006e-03 1.9818e-02 2.1154e-03 1.9820e-02 2.1230e-03
3.5481e+00 3.4964e+00 2.9000e+01 1.7334e-03 9.5655e-04 1.0833e-02 8.9263e-04 2.0042e-02 5.9541e-04
3.5481e+00 3.4462e+00 2.9000e+01 4.1126e-03 5.2690e-04 1.2248e-02 1.3412e-04 1.9939e-02 9.4854e-04
3.5481e+00 3.5445e+00 2.9000e+01 3.0482e-03 6.6382e-04 1.9811e-02 5.2659e-04 1.9811e-02 5.3752e-04
3.5481e+00 3.5453e+00 2.9000e+01 1.4361e-03 8.5176e-04 1.0945e-02 8.2247e-04 2.0015e-02 6.8200e-04
3.9811e+00 4.0352e+00 2.8000e+01 5.8161e-04 1.1264e-04 1.9816e-02 1.6359e-04 1.9817e-02 1.6690e-04
3.9811e+00 3.8344e+00 2.8000e+01 2.0518e-03 3.3894e-04 1.9823e-02 3.1519e-04 1.9834e-02 2.2057e-03
3.9811e+00 4.1126e+00 2.8000e+01 3.9101e-03 1.9144e-03 1.3091e-02 2.0289e-03 3.6333e-02 1.9490e-03
3.9811e+00 3.9324e+00 2.8000e+01 2.6538e-03 2.0525e-03 2.0193e-02 1.4709e-03 2.0193e-02 1.4636e-03
3.9811e+00 3.8670e+00 2.8000e+01 7.1092e-04 2.6356e-03 1.9822e-02 2.8594e-03 3.6083e-02 2.8595e-03
3.9811e+00 3.8512e+00 2.8000e+01 1.1512e-03 5.3869e-04 1.9974e-02 4.4388e-04 1.9975e-02 5.2666e-04
3.9811e+00 3.9050e+00 2.8000e+01 2.1691e-03 1.2128e-03 1.0986e-02 1.1522e-03 1.9791e-02 4.6306e-04
3.9811e+00 3.6497e+00 2.8000e+01 2.6090e-03 2.2448e-04 1.9881e-02 2.3960e-04 1.9878e-02 3.4834e-04
3.9811e+00 4.1223e+00 2.8000e+01 7.6776e-04 6.2945e-04 1.9843e-02 7.0802e-04 1.9839e-02 7.0436e-04
3.9811e+00 3.9330e+00 2.8000e+01 1.9884e-03 5.1797e-05 1.0781e-02 5.6411e-05 1.9978e-02 3.2986e-04
4.4668e+00 4.7068e+00 2.7000e+01 3.7771e-03 3.5490e-04 1.3252e-02 4.7230e-04 1.9850e-02 3.4763e-05
4.4668e+00 4.2589e+00 2.7000e+01 2.6135e-03 3.8896e-04 2.0045e-02 7.2488e-05 2.0046e-02 1.1106e-04
4.4668e+00 4.3928e+00 2.7000e+01 3.1678e-03 1.9317e-03 1.9822e-02 1.5191e-03 1.9807e-02 1.2998e-03
4.4668e+00 4.4836e+00 2.7000e+01 1.5467e-03 1.4919e-04 1.9797e-02 5.7539e-05 1.9812e-02 2.9827e-04
4.4668e+00 4.3244e+00 2.7000e+01 1.9105e-03 9.7535e-04 1.9790e-02 4.2125e-04 1.9791e-02 4.6384e-04
4.4668e+00 4.3537e+00 2.7000e+01 4.5232e-03 4.1421e-03 2.0337e-02 3.5477e-03 2.0338e-02 3.5500e-03
4.4668e+00 4.3060e+00 2.7000e+01 1.2994e-03 1.2828e-04 1.9826e-02 1.1783e-04 1.9827e-02 1.3757e-04
4.4668e+00 4.3963e+00 2.7000e+01 4.5501e-03 1.1146e-03 1.2574e-02 7.3799e-04 2.0023e-02 1.4734e-03
4.4668e+00 4.4321e+00 2.7000e+01 3.5462e-03 4.0516e-04 2.0369e-02 6.9103e-04 2.0388e-02 1.0912e-03
4.4668e+00 4.4395e+00 2.7000e+01 2.5340e-03 6.9089e-04 2.0023e-02 1.2185e-04 2.0022e-02 1.4540e-04
5.0119e+00 4.9474e+00 2.6000e+01 3.1848e-03 1.3744e-03 5.5480e-02 1.7547e-02 1.9861e-02 2.3739e-03
5.0119e+00 5.0376e+00 2.6000e+01 1.6542e-03 6.4176e-04 1.9973e-02 1.4145e-03 1.9935e-02 1.3988e-03
5.0119e+00 5.1114e+00 2.6000e+01 2.7832e-03 2.2895e-04 5.3235e-02 1.9595e-02 1.9820e-02 6.5267e-04
5.0119e+00 5.0949e+00 2.6000e+01 3.3881e-03 2.5247e-03 2.0293e-02 2.2002e-03 2.0292e-02 2.2121e-03
5.0119e+00 4.9421e+00 2.6000e+01 4.4849e-03 6.3348e-04 5.2681e-02 2.0102e-02 2.0121e-02 4.2322e-04
5.0119e+00 5.1571e+00 2.6000e+01 3.5127e-03 9.8316e-05 5.3761e-02 1.9115e-02 1.9850e-02 6.5979e-04
5.0119e+00 5.0376e+00 2.6000e+01 2.8701e-03 9.4691e-04 1.0733e-02 1.0009e-03 2.0267e-02 1.0420e-03
5.0119e+00 4.9646e+00 2.6000e+01 2.6894e-03 8.2551e-04 2.0240e-02 6.4929e-04 2.0247e-02 1.3508e-03
5.0119e+00 5.0606e+00 2.6000e+01 4.2490e-03 1.8143e-04 5.3579e-02 1.9279e-02 1.9910e-02 7.1515e-04
5.0119e+00 4.9372e+00 2.6000e+01 3.5923e-03 1.6757e-03 5.2001e-02 2.0723e-02 1.9843e-02 1.8547e-03
5.6234e+00 5.7968e+00 2.5000e+01 3.5574e-03 6.1124e-05 5.4857e-02 1.8115e-02 1.9880e-02 2.1822e-03
5.6234e+00 5.6249e+00 2.5000e+01 9.7564e-04 1.8487e-03 5.1676e-02 2.1020e-02 1.9907e-02 2.2391e-03
5.6234e+00 5.6697e+00 2.5000e+01 8.6151e-04 2.7021e-04 5.3208e-02 1.9618e-02 1.9873e-02 4.3993e-04
5.6234e+00 5.5898e+00 2.5000e+01 1.5191e-03 1.3846e-03 5.3118e-02 1.9701e-02 1.9802e-02 1.4726e-03
5.6234e+00 5.5894e+00 2.5000e+01 3.3300e-03 1.2207e-03 5.2472e-02 2.0292e-02 1.9821e-02 1.3746e-03
5.6234e+00 5.6531e+00 2.5000e+01 1.2421e-03 1.2493e-03 1.9811e-02 1.7746e-03 1.9812e-02 1.7439e-03
5.6234e+00 5.7025e+00 2.5000e+01 6.8438e-03 6.9745e-04 2.0533e-02 1.3623e-04 2.0538e-02 2.0710e-04
5.6234e+00 5.7830e+00 2.5000e+01 2.8273e-03 8.6037e-04 5.4851e-02 1.8121e-02 1.9815e-02 5.4211e-04
5.6234e+00 5.5223e+00 2.5000e+01 5.8342e-03 2.1832e-03 2.1113e-02 2.3651e-03 2.1118e-02 2.3526e-03
5.6234e+00 5.4735e+00 2.5000e+01 3.8531e-03 2.1063e-04 5.4531e-02 1.8412e-02 1.9853e-02 2.9785e-04
6.3096e+00 6.1481e+00 2.4000e+01 5.5329e-03 1.0354e-04 5.2252e-02 2.0495e-02 3.5846e-02 4.9500e-04
6.3096e+00 6.2295e+00 2.4000e+01 3.1749e-03 9.1670e-04 5.5450e-02 1.7574e-02 1.9798e-02 8.6414e-04
6.3096e+00 6.5425e+00 2.4000e+01 7.5284e-03 2.3689e-03 2.0922e-02 2.1706e-03 3.5928e-02 3.3050e-03
6.3096e+00 6.3276e+00 2.4000e+01 2.0968e-03 3.6419e-04 1.2797e-02 6.2926e-04 1.9904e-02 7.4356e-04
6.3096e+00 6.2686e+00 2.4000e+01 6.5400e-03 2.6941e-03 5.6381e-02 1.6728e-02 2.0297e-02 2.2205e-03
6.3096e+00 6.3365e+00 2.4000e+01 2.9834e-03 6.3795e-04 5.2941e-02 1.9862e-02 1.9797e-02 1.1706e-03
6.3096e+00 6.5289e+00 2.4000e+01 3.9079e-03 5.1141e-04 5.2522e-02 2.0247e-02 2.0417e-02 7.2438e-04
6.3096e+00 6.0713e+00 2.4000e+01 5.0375e-03 1.8565e-03 2.0710e-02 2.4006e-03 2.0707e-02 2.4402e-03
6.3096e+00 6.1961e+00 2.4000e+01 2.8273e-03 1.7085e-03 5.6050e-02 1.7029e-02 1.9807e-02 3.5761e-03
6.3096e+00 6.2006e+00 2.4000e+01 5.3309e-03 3.4322e-03 1.0902e-02 2.7497e-03 2.0931e-02 2.8268e-03
7.0795e+00 7.2227e+00 2.3000e+01 7.0935e-03 1.4074e-03 2.1250e-02 1.5494e-03 2.1244e-02 1.5480e-03
7.0795e+00 7.2922e+00 2.3000e+01 2.0748e-03 4.6746e-03 5.7885e-02 1.5363e-02 1.9801e-02 4.6305e-03
7.0795e+00 7.2233e+00 2.3000e+01 2.3877e-03 1.2859e-03 5.3269e-02 1.9563e-02 3.6222e-02 1.4819e-03
7.0795e+00 7.1181e+00 2.3000e+01 1.8333e-03 1.2675e-03 5.2760e-02 2.0028e-02 1.9902e-02 1.5045e-03
7.0795e+00 7.0623e+00 2.3000e+01 2.3380e-03 3.0372e-03 5.1106e-02 2.1544e-02 2.0033e-02 3.0128e-03
7.0795e+00 7.2944e+00 2.3000e+01 5.5815e-03 1.0929e-03 5.6259e-02 1.6839e-02 2.0030e-02 8.9912e-04
7.0795e+00 7.2331e+00 2.3000e+01 2.7281e-03 1.7511e-03 5.4285e-02 1.8635e-02 1.9966e-02 1.5748e-03
7.0795e+00 6.8931e+00 2.3000e+01 7.5281e-03 1.1201e-03 5.5753e-02 1.7301e-02 2.0288e-02 1.2012e-03
7.0795e+00 7.0233e+00 2.3000e+01 7.0239e-03 2.4867e-03 5.1293e-02 2.1372e-02 1.9934e-02 3.0529e-03
7.0795e+00 6.9194e+00 2.3000e+01 4.0596e-03 4.4727e-03 1.0626e-02 4.6015e-03 2.0241e-02 4.4924e-03
7.9433e+00 8.3032e+00 2.2000e+01 9.6888e-04 4.0218e-03 1.0802e-02 3.9544e-03 3.5902e-02 3.5687e-03
7.9433e+00 7.9758e+00 2.2000e+01 5.0399e-03 1.8547e-03 2.0085e-02 1.8791e-03 2.0088e-02 1.9328e-03
7.9433e+00 8.0621e+00 2.2000e+01 9.2858e-03 3.2036e-03 5.3506e-02 1.9349e-02 2.0874e-02 1.9292e-03
7.9433e+00 7.8698e+00 2.2000e+01 5.5751e-04 1.0539e-03 5.4209e-02 1.8705e-02 1.9813e-02 6.2277e-04
7.9433e+00 8.3302e+00 2.2000e+01 6.2262e-03 1.7550e-03 5.3935e-02 1.8962e-02 2.0187e-02 1.0270e-03
7.9433e+00 7.9584e+00 2.2000e+01 2.3959e-03 2.9683e-03 5.0529e-02 2.2073e-02 2.0122e-02 3.3929e-03
7.9433e+00 7.9344e+00 2.2000e+01 7.7477e-03 4.6980e-04 1.3959e-02 1.8742e-04 2.0703e-02 1.1964e-03
7.9433e+00 7.7838e+00 2.2000e+01 3.6667e-03 6.9301e-04 5.5090e-02 1.7904e-02 1.9992e-02 2.0061e-04
7.9433e+00 7.9805e+00 2.2000e+01 4.7772e-03 3.4733e-03 5.2709e-02 2.0074e-02 2.0009e-02 3.6345e-03
7.9433e+00 8.3891e+00 2.2000e+01 2.0343e-03 3.1791e-04 9.9863e-02 5.8328e-03 9.9863e-02 5.8486e-03
8.9125e+00 8.5063e+00 2.1000e+01 1.8962e-03 1.1656e-03 5.2540e-02 2.0229e-02 1.9792e-02 1.5054e-03
8.9125e+00 9.0623e+00 2.1000e+01 2.7734e-03 3.1853e-03 9.9835e-02 9.0621e-03 9.9835e-02 9.0756e-03
8.9125e+00 8.8514e+00 2.1000e+01 4.9769e-03 1.7151e-03 9.9874e-02 6.9169e-03 9.9874e-02 6.9403e-03
8.9125e+00 8.9828e+00 2.1000e+01 3.1007e-03 1.6487e-03 9.9834e-02 7.7194e-03 9.9835e-02 7.7151e-03
8.9125e+00 8.9282e+00 2.1000e+01 1.4109e-03 6.4713e-05 5.1949e-02 2.0772e-02 9.9881e-02 4.8091e-03
8.9125e+00 8.9799e+00 2.1000e+01 8.3008e-03 2.4059e-03 9.9936e-02 6.7692e-03 9.9936e-02 6.7569e-03
8.9125e+00 8.7351e+00 2.1000e+01 2.3061e-03 8.6832e-04 9.9866e-02 6.1139e-03 9.9866e-02 6.1079e-03
8.9125e+00 8.7644e+00 2.1000e+01 4.0257e-03 6.4666e-04 9.9852e-02 5.1389e-03 9.9852e-02 5.1525e-03
8.9125e+00 9.0308e+00 2.1000e+01 5.0785e-03 4.9200e-04 9.9855e-02 5.4632e-03 9.9855e-02 5.4637e-03
8.9125e+00 8.9619e+00 2.1000e+01 6.7290e-03 3.8559e-04 9.9835e-02 6.0298e-03 9.9834e-02 6.0436e-03
1.0000e+01 9.8825e+00 2.0000e+01 6.2501e-03 3.1003e-03 9.9843e-02 2.3662e-03 9.9843e-02 2.3977e-03
1.0000e+01 9.6234e+00 2.0000e+01 1.5534e-03 7.5008e-03 9.9834e-02 1.3475e-02 9.9835e-02 1.3465e-02
1.0000e+01 9.8539e+00 2.0000e+01 8.8893e-03 1.7374e-03 9.9829e-02 8.1083e-03 9.9829e-02 8.1164e-03
1.0000e+01 9.6402e+00 2.0000e+01 4.0047e-03 6.2596e-04 9.9844e-02 6.3363e-03 9.9844e-02 6.3572e-03
1.0000e+01 1.0313e+01 2.0000e+01 8.5503e-03 9.9013e-04 9.9920e-02 3.7539e-03 9.9920e-02 3.7545e-03
1.0000e+01 9.7563e+00 2.0000e+01 4.9173e-03 2.7918e-03 9.9880e-02 2.4574e-03 9.9880e-02 2.4787e-03
1.0000e+01 9.9266e+00 2.0000e+01 5.3309e-03 1.3640e-03 9.9814e-02 7.6986e-03 9.9814e-02 7.6989e-03
1.0000e+01 9.6836e+00 2.0000e+01 3.2622e-03 1.3789e-03 9.9861e-02 3.9320e-03 9.9861e-02 3.9383e-03
1.0000e+01 1.0086e+01 2.0000e+01 3.0726e-03 2.9531e-03 9.9858e-02 8.2418e-03 9.9857e-02 8.2476e-03
1.0000e+01 1.0190e+01 2.0000e+01 1.9149e-03 1.4080e-03 9.9851e-02 4.3928e-03 9.9851e-02 4.4106e-03
1.1220e+01 1.0799e+01 1.9000e+01 6.6774e-03 7.9387e-05 9.9880e-02 5.0277e-03 9.9880e-02 5.0182e-03
1.1220e+01 1.1406e+01 1.9000e+01 8.8104e-03 2.1353e-03 9.9891e-02 7.0714e-03 9.9891e-02 7.0711e-03
1.1220e+01 1.1246e+01 1.9000e+01 8.7173e-03 9.7224e-04 9.9910e-02 5.8817e-03 9.9910e-02 5.9035e-03
1.1220e+01 1.1316e+01 1.9000e+01 1.8690e-02 6.0767e-04 9.9881e-02 5.7686e-03 9.9881e-02 5.7748e-03
1.1220e+01 1.1189e+01 1.9000e+01 4.2465e-03 3.2338e-04 9.9859e-02 5.2133e-03 9.9859e-02 5.2164e-03
1.1220e+01 1.1449e+01 1.9000e+01 1.0830e-02 3.7648e-03 9.9853e-02 1.9199e-03 9.9853e-02 1.9326e-03
1.1220e+01 1.1174e+01 1.9000e+01 7.0245e-03 3.3052e-03 9.9910e-02 7.3614e-03 9.9910e-02 7.3863e-03
1.1220e+01 1.1563e+01 1.9000e+01 1.2712e-03 2.2923e-03 9.9833e-02 8.4624e-03 9.9833e-02 8.4761e-03
1.1220e+01 1.1489e+01 1.9000e+01 1.1877e-02 4.3247e-03 9.9952e-02 8.2768e-03 9.9952e-02 8.2763e-03
1.1220e+01 1.1459e+01 1.9000e+01 2.2362e-03 3.4427e-03 9.9878e-02 1.4169e-03 9.9878e-02 1.4313e-03
1.2589e+01 1.2539e+01 1.8000e+01 7.8578e-03 5.2609e-03 9.9865e-02 5.9654e-05 9.9864e-02 7.5167e-05
1.2589e+01 1.2839e+01 1.8000e+01 1.3435e-02 1.0883e-02 9.9815e-02 1.7120e-02 9.9816e-02 1.7111e-02
1.2589e+01 1.2479e+01 1.8000e+01 5.1888e-03 9.0584e-04 9.9830e-02 4.8475e-03 9.9830e-02 4.8094e-03
1.2589e+01 1.2193e+01 1.8000e+01 3.3121e-03 2.7481e-03 9.9847e-02 8.2704e-03 9.9847e-02 8.2699e-03
1.2589e+01 1.2291e+01 1.8000e+01 7.0196e-03 5.4197e-03 9.9894e-02 1.0590e-02 9.9894e-02 1.0636e-02
1.2589e+01 1.2830e+01 1.8000e+01 4.8277e-03 3.2105e-03 9.9883e-02 1.7546e-03 9.9883e-02 1.7539e-03
1.2589e+01 1.2848e+01 1.8000e+01 1.4685e-02 3.2197e-03 9.9887e-02 8.8916e-03 9.9886e-02 8.9074e-03
1.2589e+01 1.2829e+01 1.8000e+01 4.3801e-03 3.4092e-04 9.9819e-02 6.9979e-03 9.9819e-02 6.9913e-03
1.2589e+01 1.2450e+01 1.8000e+01 3.2694e-03 4.3952e-03 9.9884e-02 7.4363e-04 9.9884e-02 7.4801e-04
1.2589e+01 1.2700e+01 1.8000e+01 1.5625e-02 5.1727e-03 9.9923e-02 1.0416e-02 9.9922e-02 1.0407e-02
1.4125e+01 1.4231e+01 1.7000e+01 1.1936e-02 8.2004e-03 9.9844e-02 1.3462e-02 9.9844e-02 1.3455e-02
1.4125e+01 1.3945e+01 1.7000e+01 9.3124e-03 6.1410e-03 9.9809e-02 2.0308e-04 9.9809e-02 1.7833e-04
1.4125e+01 1.4385e+01 1.7000e+01 1.2406e-02 1.9281e-03 9.9905e-02 3.3847e-03 9.9906e-02 3.3608e-03
1.4125e+01 1.3086e+01 1.7000e+01 9.1757e-03 8.3606e-03 9.9810e-02 1.4491e-02 9.9810e-02 1.4490e-02
1.4125e+01 1.4189e+01 1.7000e+01 2.2336e-03 6.8399e-03 9.9854e-02 1.2496e-02 9.9854e-02 1.2495e-02
1.4125e+01 1.4593e+01 1.7000e+01 5.6757e-03 6.8061e-03 9.9811e-02 1.3546e-02 9.9812e-02 1.3545e-02
1.4125e+01 1.3879e+01 1.7000e+01 1.6330e-02 3.6281e-03 9.9921e-02 9.9184e-04 9.9921e-02 9.9184e-04
1.4125e+01 1.4792e+01 1.7000e+01 3.9889e-03 2.0571e-03 9.9824e-02 3.9477e-03 9.9824e-02 3.9476e-03
1.4125e+01 1.4120e+01 1.7000e+01 1.8940e-02 2.7973e-03 9.9870e-02 8.1417e-03 9.9870e-02 8.1364e-03
1.4125e+01 1.4340e+01 1.7000e+01 1.0755e-02 4.7060e-03 9.9832e-02 1.0148e-02 9.9832e-02 1.0154e-02
1.5849e+01 1.6400e+01 1.6000e+01 2.0183e-02 1.3458e-03 9.9835e-02 5.5182e-03 9.9835e-02 5.5233e-03
1.5849e+01 1.5538e+01 1.6000e+01 1.0195e-02 1.5817e-03 9.9891e-02 5.9450e-03 9.9892e-02 5.9585e-03
1.5849e+01 1.6649e+01 1.6000e+01 6.4720e-03 2.9925e-03 9.9898e-02 1.7942e-03 9.9898e-02 1.8033e-03
1.5849e+01 1.5900e+01 1.6000e+01 8.2236e-03 7.7925e-03 9.9894e-02 1.2623e-02 9.9894e-02 1.2612e-02
1.5849e+01 1.6066e+01 1.6000e+01 1.1076e-02 5.6410e-03 9.9824e-02 1.2037e-02 9.9824e-02 1.2045e-02
1.5849e+01 1.5597e+01 1.6000e+01 5.5917e-03 2.9876e-03 9.9857e-02 2.3755e-03 9.9857e-02 2.3716e-03
1.5849e+01 1.5510e+01 1.6000e+01 1.9163e-03 7.3904e-03 9.9910e-02 1.1697e-02 9.9910e-02 1.1697e-02
1.5849e+01 1.5530e+01 1.6000e+01 1.9274e-02 6.4731e-03 9.9824e-02 5.0770e-06 9.9824e-02 1.2904e-05
1.5849e+01 1.5261e+01 1.6000e+01 6.8834e-03 6.0876e-03 9.9890e-02 1.3089e-03 9.9890e-02 1.2938e-03
1.5849e+01 1.6155e+01 1.6000e+01 8.1811e-03 2.5778e-03 9.9901e-02 2.4543e-03 9.9901e-02 2.4522e-03
1.7783e+01 1.7891e+01 1.5000e+01 4.1388e-03 9.3582e-04 9.9861e-02 4.6537e-03 9.9861e-02 4.6547e-03
1.7783e+01 1.7285e+01 1.5000e+01 1.2966e-02 9.0444e-03 9.9838e-02 3.3504e-03 9.9838e-02 3.3168e-03
1.7783e+01 1.7282e+01 1.5000e+01 1.3299e-02 6.7237e-03 9.9912e-02 2.1019e-03 9.9912e-02 2.1283e-03
1.7783e+01 1.7522e+01 1.5000e+01 2.5620e-02 1.1828e-03 9.9920e-02 2.9228e-03 9.9920e-02 2.9473e-03
1.7783e+01 1.7318e+01 1.5000e+01 8.3419e-03 7.1573e-03 9.9978e-02 1.0509e-02 9.9978e-02 1.0467e-02
1.7783e+01 1.7454e+01 1.5000e+01 1.1053e-02 6.8148e-03 9.9814e-02 1.2722e-02 9.9814e-02 1.2760e-02
1.7783e+01 1.7919e+01 1.5000e+01 1.1082e-02 1.2136e-04 9.9956e-02 4.1878e-03 9.9956e-02 4.2046e-03
1.7783e+01 1.8826e+01 1.5000e+01 1.4955e-02 9.1378e-04 9.9921e-02 4.8034e-03 9.9921e-02 4.8001e-03
1.7783e+01 1.8266e+01 1.5000e+01 1.3735e-02 2.4124e-05 9.9852e-02 5.0155e-03 9.9852e-02 5.0174e-03
1.7783e+01 1.7520e+01 1.5000e+01 2.3749e-03 1.2945e-03 9.9834e-02 7.3803e-03 9.9834e-02 7.3673e-03
1.9953e+01 2.0314e+01 1.4000e+01 1.4360e-02 3.4970e-03 9.9757e-02 1.0433e-02 9.9757e-02 1.0416e-02
1.9953e+01 2.0056e+01 1.4000e+01 1.7680e-02 5.5993e-03 9.9860e-02 1.0772e-02 9.9860e-02 1.0752e-02
1.9953e+01 1.9686e+01 1.4000e+01 1.6315e-02 1.1947e-02 9.9835e-02 5.8771e-03 9.9835e-02 5.8528e-03
1.9953e+01 2.0284e+01 1.4000e+01 2.1655e-02 7.4024e-03 9.9936e-02 1.1824e-02 9.9937e-02 1.1826e-02
1.9953e+01 1.9502e+01 1.4000e+01 8.6062e-03 1.2451e-03 9.9907e-02 2.5199e-03 9.9907e-02 2.5204e-03
1.9953e+01 2.0143e+01 1.4000e+01 1.0890e-02 1.6966e-03 9.9806e-02 7.6685e-03 9.9806e-02 7.6659e-03
1.9953e+01 2.0704e+01 1.4000e+01 8.3189e-03 3.0654e-03 9.9922e-02 6.9571e-03 9.9922e-02 6.9536e-03
1.9953e+01 1.9494e+01 1.4000e+01 1.9705e-02 5.4339e-03 9.9814e-02 1.2803e-02 9.9814e-02 1.2802e-02
1.9953e+01 1.9957e+01 1.4000e+01 2.0088e-02 3.9960e-03 9.9815e-02 9.8937e-03 9.9815e-02 9.9253e-03
1.9953e+01 1.9418e+01 1.4000e+01 1.0223e-02 7.8096e-03 9.9901e-02 2.7851e-03 9.9901e-02 2.7782e-03
2.2387e+01 2.1724e+01 1.3000e+01 2.2932e-02 2.7706e-03 9.9797e-02 1.0658e-02 9.9797e-02 1.0656e-02
2.2387e+01 2.1928e+01 1.3000e+01 1.3017e-02 1.0071e-02 9.9851e-02 1.5247e-02 9.9851e-02 1.5212e-02
2.2387e+01 2.3192e+01 1.3000e+01 1.6477e-02 3.1639e-03 9.9677e-02 1.2346e-02 9.9677e-02 1.2381e-02
2.2387e+01 2.1269e+01 1.3000e+01 8.9329e-03 1.1786e-02 9.9811e-02 5.0798e-03 9.9810e-02 5.1384e-03
2.2387e+01 2.3498e+01 1.3000e+01 2.2968e-02 1.7864e-03 9.9988e-02 2.4254e-03 9.9989e-02 2.4333e-03
2.2387e+01 2.1671e+01 1.3000e+01 2.3929e-02 1.4197e-02 9.9827e-02 8.8742e-03 9.9827e-02 8.8741e-03
2.2387e+01 2.2287e+01 1.3000e+01 8.3015e-03 3.0247e-03 9.9857e-02 8.1886e-03 9.9857e-02 8.1465e-03
2.2387e+01 2.1900e+01 1.3000e+01 1.9417e-02 1.7405e-03 9.9881e-02 4.3768e-03 9.9881e-02 4.3885e-03
2.2387e+01 2.2301e+01 1.3000e+01 1.2830e-02 8.8389e-03 9.9793e-02 1.5543e-02 9.9794e-02 1.5546e-02
2.2387e+01 2.2108e+01 1.3000e+01 1.4913e-02 2.2403e-03 9.9906e-02 1.4781e-03 9.9906e-02 1.4531e-03
2.5119e+01 2.6163e+01 1.2000e+01 9.5326e-03 2.9331e-03 9.9835e-02 2.9465e-03 9.9835e-02 2.9530e-03
2.5119e+01 2.5120e+01 1.2000e+01 2.4300e-02 1.2706e-03 9.9802e-02 8.9249e-03 9.9801e-02 8.9684e-03
2.5119e+01 2.4588e+01 1.2000e+01 9.1754e-03 4.1293e-03 9.9761e-02 1.1359e-02 9.9760e-02 1.1322e-02
2.5119e+01 2.4638e+01 1.2000e+01 1.5947e-02 2.5315e-03 9.9795e-02 3.7718e-03 9.9795e-02 3.7644e-03
2.5119e+01 2.4417e+01 1.2000e+01 1.2940e-02 1.1009e-02 9.9867e-02 5.4417e-03 9.9867e-02 5.4319e-03
2.5119e+01 2.5381e+01 1.2000e+01 2.6254e-02 2.7392e-03 9.9736e-02 1.0457e-02 9.9736e-02 1.0469e-02
2.5119e+01 2.5665e+01 1.2000e+01 2.3367e-02 1.2023e-02 1.0010e-01 1.4291e-02 1.0010e-01 1.4292e-02
2.5119e+01 2.4505e+01 1.2000e+01 2.4847e-02 1.2549e-02 9.9976e-02 8.7924e-03 9.9976e-02 8.7421e-03
2.5119e+01 2.4720e+01 1.2000e+01 1.2416e-02 1.0614e-03 9.9814e-02 4.9875e-03 9.9814e-02 4.9922e-03
2.5119e+01 2.5318e+01 1.2000e+01 8.2364e-03 6.3491e-04 9.9753e-02 6.8686e-03 9.9753e-02 6.8874e-03
2.8184e+01 2.9274e+01 1.1000e+01 1.6313e-02 7.1338e-03 1.0020e-01 1.9321e-01 9.9740e-02 1.4314e-02
2.8184e+01 2.8558e+01 1.1000e+01 2.8883e-02 2.0559e-02 1.0028e-01 1.9321e-01 9.9851e-02 1.2945e-02
2.8184e+01 2.8362e+01 1.1000e+01 2.1689e-02 1.1555e-02 1.0047e-01 1.9321e-01 9.9988e-02 9.1853e-03
2.8184e+01 2.8119e+01 1.1000e+01 2.0090e-02 9.0088e-03 9.9922e-02 1.3290e-02 9.9922e-02 1.3275e-02
2.8184e+01 2.7644e+01 1.1000e+01 1.0797e-02 1.1493e-04 1.0042e-01 1.9321e-01 9.9906e-02 4.4610e-03
2.8184e+01 2.8417e+01 1.1000e+01 1.5429e-03 1.1332e-02 1.0026e-01 1.9321e-01 9.9803e-02 4.3969e-03
2.8184e+01 2.7395e+01 1.1000e+01 5.3820e-03 3.9096e-03 1.0046e-01 1.9321e-01 9.9934e-02 2.5110e-04
2.8184e+01 2.6915e+01 1.1000e+01 2.9215e-02 6.6786e-03 1.0024e-01 1.9321e-01 9.9797e-02 5.5656e-04
2.8184e+01 2.7864e+01 1.1000e+01 7.5228e-03 1.0745e-03 1.0026e-01 1.9321e-01 9.9792e-02 5.4591e-03
2.8184e+01 2.8524e+01 1.1000e+01 9.0627e-03 8.2529e-03 1.0020e-01 1.9321e-01 9.9762e-02 1.5752e-02
3.1623e+01 3.1508e+01 1.0000e+01 1.9757e-02 1.4007e-02 1.0017e-01 1.9321e-01 9.9769e-02 6.9396e-03
3.1623e+01 3.0757e+01 1.0000e+01 2.0557e-02 1.0074e-02 1.0025e-01 1.9321e-01 9.9828e-02 3.5343e-03
3.1623e+01 3.2722e+01 1.0000e+01 3.2776e-02 1.0794e-02 1.0041e-01 1.9321e-01 9.9929e-02 4.2933e-03
3.1623e+01 3.1419e+01 1.0000e+01 4.1765e-02 7.5720e-03 1.0010e-01 1.9321e-01 9.9681e-02 1.5700e-02
3.1623e+01 3.0465e+01 1.0000e+01 3.7594e-02 1.1129e-02 1.0070e-01 1.9321e-01 1.0013e-01 1.2877e-02
3.1623e+01 3.1524e+01 1.0000e+01 1.7309e-02 8.3086e-03 1.0023e-01 1.9321e-01 9.9753e-02 1.5959e-02
3.1623e+01 3.1700e+01 1.0000e+01 2.2122e-02 1.1262e-02 1.0040e-01 1.9321e-01 9.9930e-02 7.2257e-03
3.1623e+01 3.1170e+01 1.0000e+01 3.0127e-02 1.1036e-02 1.0084e-01 1.9321e-01 1.0024e-01 1.1367e-02
3.1623e+01 3.2520e+01 1.0000e+01 1.7285e-02 1.4227e-02 1.0047e-01 1.9321e-01 9.9924e-02 1.8441e-02
3.1623e+01 3.0810e+01 1.0000e+01 2.1496e-02 9.2346e-03 1.0051e-01 1.9321e-01 1.0000e-01 6.0283e-03
3.5481e+01 3.6667e+01 9.0000e+00 1.4122e-02 1.1989e-02 1.0019e-01 1.9321e-01 9.9770e-02 5.3914e-03
3.5481e+01 3.6471e+01 9.0000e+00 1.9571e-02 1.0781e-03 1.0036e-01 1.9321e-01 9.9871e-02 4.1509e-03
3.5481e+01 3.5779e+01 9.0000e+00 1.3915e-02 7.6411e-03 9.9983e-02 1.9321e-01 9.9628e-02 1.9065e-02
3.5481e+01 3.6269e+01 9.0000e+00 7.6196e-03 9.3292e-03 1.0041e-01 1.9321e-01 9.9939e-02 5.7125e-03
3.5481e+01 3.6163e+01 9.0000e+00 1.8915e-02 2.1247e-02 1.0005e-01 1.9321e-01 9.9706e-02 1.2577e-02
3.5481e+01 3.5763e+01 9.0000e+00 2.1480e-02 2.7049e-02 1.0012e-01 1.9321e-01 9.9736e-02 1.8205e-02
3.5481e+01 3.4592e+01 9.0000e+00 3.7154e-02 2.2189e-02 1.0018e-01 1.9321e-01 9.9709e-02 2.9929e-02
3.5481e+01 3.5029e+01 9.0000e+00 7.2156e-03 1.0511e-02 1.0028e-01 1.9321e-01 9.9814e-02 3.7529e-03
3.5481e+01 3.5319e+01 9.0000e+00 1.0995e-02 1.5351e-02 1.0044e-01 1.9321e-01 9.9875e-02 2.0662e-02
3.5481e+01 3.3925e+01 9.0000e+00 2.5262e-02 8.8700e-03 1.0049e-01 1.9321e-01 9.9976e-02 4.1764e-03
3.9811e+01 4.0311e+01 8.0000e+00 5.5576e-03 8.9046e-03 1.0028e-01 1.9321e-01 9.9795e-02 2.0701e-03
3.9811e+01 4.0450e+01 8.0000e+00 9.4323e-03 1.5374e-02 1.0053e-01 1.9321e-01 1.0002e-01 1.2763e-02
3.9811e+01 3.9633e+01 8.0000e+00 2.3428e-02 7.6175e-03 1.0063e-01 1.9321e-01 1.0008e-01 1.0217e-02
3.9811e+01 3.9048e+01 8.0000e+00 3.5085e-02 6.2412e-03 1.0038e-01 1.9321e-01 9.9865e-02 9.2415e-04
3.9811e+01 3.9772e+01 8.0000e+00 1.1410e-02 7.0344e-03 1.0034e-01 1.9321e-01 9.9848e-02 1.2910e-03
3.9811e+01 3.8699e+01 8.0000e+00 2.9702e-02 6.5812e-03 1.0056e-01 1.9321e-01 1.0004e-01 2.7669e-03
3.9811e+01 4.0323e+01 8.0000e+00 2.9191e-02 2.3923e-03 1.0029e-01 1.9321e-01 9.9829e-02 1.0288e-02
3.9811e+01 4.1275e+01 8.0000e+00 2.8980e-02 1.6101e-02 1.0046e-01 1.9321e-01 9.9933e-02 2.0322e-02
3.9811e+01 3.9664e+01 8.0000e+00 3.4998e-02 2.0092e-02 1.0034e-01 1.9321e-01 9.9890e-02 1.7241e-02
3.9811e+01 4.0675e+01 8.0000e+00 9.6812e-03 3.8756e-03 1.0061e-01 1.9321e-01 1.0005e-01 5.6456e-03
4.4668e+01 4.4909e+01 7.0000e+00 1.0688e-02 9.5984e-03 1.0034e-01 1.9321e-01 9.9820e-02 1.6774e-02
4.4668e+01 4.3439e+01 7.0000e+00 4.3900e-02 2.0084e-02 1.0047e-01 1.9321e-01 1.0003e-01 1.5097e-02
4.4668e+01 4.4153e+01 7.0000e+00 2.5457e-02 1.2854e-02 1.0070e-01 1.9321e-01 1.0009e-01 1.0453e-02
4.4668e+01 4.5909e+01 7.0000e+00 2.9490e-02 1.2448e-02 1.0046e-01 1.9321e-01 9.9864e-02 1.7944e-02
4.4668e+01 4.4940e+01 7.0000e+00 5.3097e-02 1.3030e-02 1.0101e-01 1.9321e-01 1.0049e-01 1.6483e-02
4.4668e+01 4.5355e+01 7.0000e+00 5.4764e-02 1.6332e-02 1.0015e-01 1.9321e-01 9.9723e-02 9.9619e-03
4.4668e+01 4.3741e+01 7.0000e+00 4.5308e-02 1.6747e-02 1.0050e-01 1.9321e-01 9.9938e-02 2.0640e-02
4.4668e+01 4.3498e+01 7.0000e+00 3.3319e-02 3.9853e-03 1.0015e-01 1.9321e-01 9.9720e-02 1.1507e-02
4.4668e+01 4.6097e+01 7.0000e+00 8.8482e-03 5.7110e-02 1.0065e-01 1.9321e-01 9.9951e-02 6.0593e-02
4.4668e+01 4.4736e+01 7.0000e+00 1.3109e-02 1.0049e-02 1.0033e-01 1.9321e-01 9.9852e-02 1.5766e-02
5.0119e+01 5.0449e+01 6.0000e+00 1.4381e-02 5.5560e-03 1.0019e-01 1.9321e-01 9.9758e-02 1.3332e-02
5.0119e+01 5.2517e+01 6.0000e+00 2.4247e-02 1.5847e-02 1.0090e-01 1.9321e-01 1.0029e-01 1.3157e-02
5.0119e+01 5.1213e+01 6.0000e+00 2.5819e-02 6.2761e-03 1.0035e-01 1.9321e-01 9.9888e-02 5.3837e-04
5.0119e+01 4.9189e+01 6.0000e+00 2.6457e-02 4.9560e-03 1.0032e-01 1.9321e-01 9.9866e-02 1.1188e-02
5.0119e+01 5.0740e+01 6.0000e+00 3.7447e-02 2.6987e-02 1.0043e-01 1.9321e-01 9.9963e-02 2.1697e-02
5.0119e+01 5.0521e+01 6.0000e+00 2.9916e-02 7.9327e-03 1.0021e-01 1.9321e-01 9.9748e-02 1.0866e-03
5.0119e+01 4.9779e+01 6.0000e+00 1.2978e-02 1.0401e-02 1.0004e-01 1.9321e-01 9.9684e-02 9.6462e-04
5.0119e+01 4.9910e+01 6.0000e+00 2.7718e-02 2.3650e-02 1.0001e-01 1.9321e-01 9.9631e-02 3.5616e-02
5.0119e+01 5.0674e+01 6.0000e+00 7.9961e-03 7.2419e-03 1.0016e-01 1.9321e-01 9.9753e-02 3.4241e-04
5.0119e+01 4.9884e+01 6.0000e+00 3.4343e-02 3.9044e-03 1.0043e-01 1.9321e-01 9.9960e-02 1.1461e-03
5.6234e+01 5.3971e+01 5.0000e+00 1.0626e-02 9.1137e-03 1.0024e-01 1.9321e-01 9.9817e-02 2.6630e-03
5.6234e+01 5.6924e+01 5.0000e+00 3.4621e-02 1.8535e-02 1.0035e-01 1.9321e-01 9.9931e-02 1.2805e-02
5.6234e+01 5.5876e+01 5.0000e+00 2.9309e-02 4.2274e-03 1.0054e-01 1.9321e-01 1.0000e-01 8.0326e-03
5.6234e+01 5.6367e+01 5.0000e+00 4.6864e-02 1.8092e-02 9.9980e-02 1.9321e-01 9.9641e-02 9.9896e-03
5.6234e+01 5.6685e+01 5.0000e+00 3.7338e-02 2.6363e-02 1.0055e-01 1.9321e-01 1.0006e-01 2.3874e-02
5.6234e+01 5.5497e+01 5.0000e+00 3.8714e-02 6.1358e-03 1.0046e-01 1.9321e-01 9.9979e-02 9.2846e-03
5.6234e+01 5.5721e+01 5.0000e+00 4.0476e-02 3.9930e-02 1.0034e-01 1.9321e-01 9.9726e-02 4.7798e-02
5.6234e+01 5.7163e+01 5.0000e+00 2.3947e-02 6.0392e-03 1.0061e-01 1.9321e-01 1.0001e-01 7.4575e-03
5.6234e+01 5.6774e+01 5.0000e+00 1.7011e-02 2.4495e-02 1.0021e-01 1.9321e-01 9.9776e-02 1.5964e-02
5.6234e+01 5.8465e+01 5.0000e+00 2.3153e-02 1.7432e-02 9.9915e-02 1.9321e-01 9.9580e-02 3.0544e-02
6.3096e+01 6.3442e+01 4.0000e+00 4.1809e-02 1.4611e-02 1.0076e-01 1.9321e-01 1.0026e-01 1.3939e-02
6.3096e+01 6.3468e+01 4.0000e+00 2.1660e-02 1.5044e-02 9.9823e-02 1.9321e-01 9.9592e-02 2.9661e-03
6.3096e+01 6.5044e+01 4.0000e+00 4.4186e-02 2.6880e-02 1.0075e-01 1.9321e-01 1.0005e-01 3.1714e-02
6.3096e+01 6.4763e+01 4.0000e+00 2.4156e-02 3.3788e-03 1.0010e-01 1.9321e-01 9.9739e-02 5.6994e-03
6.3096e+01 6.1688e+01 4.0000e+00 3.4283e-02 4.1978e-02 1.0065e-01 1.9321e-01 9.9950e-02 4.4645e-02
6.3096e+01 6.3568e+01 4.0000e+00 2.7333e-02 8.2111e-03 1.0064e-01 1.9321e-01 1.0008e-01 5.7348e-03
6.3096e+01 6.2346e+01 4.0000e+00 5.2606e-02 1.3038e-02 5.6989e-01 1.9321e-01 9.9728e-02 1.9413e-02
6.3096e+01 6.2723e+01 4.0000e+00 7.8656e-02 3.4289e-03 1.0064e-01 1.9321e-01 1.0009e-01 8.6970e-03
6.3096e+01 6.4840e+01 4.0000e+00 4.3341e-02 2.7475e-03 1.0012e-01 1.9321e-01 9.9708e-02 1.1534e-02
6.3096e+01 6.1420e+01 4.0000e+00 4.8652e-02 3.5970e-03 5.6989e-01 1.9321e-01 9.9570e-02 1.6036e-02
7.0795e+01 7.3479e+01 3.0000e+00 6.3132e-02 1.3421e-02 1.0043e-01 1.9321e-01 9.9966e-02 6.6213e-03
7.0795e+01 6.9211e+01 3.0000e+00 9.5894e-02 4.4925e-02 1.0030e-01 1.9321e-01 9.9746e-02 5.2582e-02
7.0795e+01 7.0421e+01 3.0000e+00 3.7347e-02 4.5691e-02 9.9825e-02 1.9321e-01 9.9592e-02 3.4554e-02
7.0795e+01 6.8042e+01 3.0000e+00 4.7907e-02 1.4292e-02 1.0034e-01 1.9321e-01 9.9880e-02 9.3974e-03
7.0795e+01 6.8869e+01 3.0000e+00 1.9988e-02 6.5749e-03 1.0093e-01 1.9321e-01 1.0033e-01 1.0432e-02
7.0795e+01 6.9201e+01 3.0000e+00 2.5477e-02 3.0263e-02 1.0057e-01 1.9321e-01 1.0002e-01 3.3331e-02
7.0795e+01 7.2641e+01 3.0000e+00 4.6554e-02 1.1257e-02 5.6989e-01 1.9321e-01 9.9815e-02 6.3941e-03
7.0795e+01 7.2646e+01 3.0000e+00 6.5927e-02 2.1528e-02 1.0077e-01 1.9321e-01 1.0031e-01 1.9518e-02
7.0795e+01 7.2432e+01 3.0000e+00 1.7857e-02 5.6118e-02 1.0048e-01 1.9321e-01 1.0007e-01 5.3901e-02
7.0795e+01 7.2322e+01 3.0000e+00 1.7068e-02 1.7727e-02 5.6989e-01 1.9321e-01 9.9824e-02 2.3210e-02
7.9433e+01 8.1234e+01 2.0000e+00 7.2635e-02 1.5372e-02 1.0084e-01 1.9321e-01 1.0026e-01 1.3761e-02
7.9433e+01 7.6682e+01 2.0000e+00 1.2361e-02 1.3357e-02 1.0073e-01 1.9321e-01 9.9944e-02 1.6482e-02
7.9433e+01 8.0545e+01 2.0000e+00 8.4256e-03 1.5049e-02 1.0077e-01 1.9321e-01 1.0030e-01 1.8498e-02
7.9433e+01 8.0445e+01 2.0000e+00 5.3149e-02 3.4261e-02 1.0125e-01 1.9321e-01 1.0076e-01 4.1838e-02
7.9433e+01 8.0437e+01 2.0000e+00 2.2732e-02 5.7830e-02 1.0090e-01 1.9321e-01 1.0048e-01 6.2521e-02
7.9433e+01 8.0848e+01 2.0000e+00 8.1411e-02 6.6196e-02 5.6989e-01 1.9321e-01 9.9568e-02 8.1705e-02
7.9433e+01 8.1022e+01 2.0000e+00 6.5378e-02 2.2069e-02 1.0065e-01 1.9321e-01 1.0015e-01 1.9635e-02
7.9433e+01 7.7311e+01 2.0000e+00 6.5739e-02 3.3074e-02 1.0065e-01 1.9321e-01 1.0018e-01 2.8962e-02
7.9433e+01 7.9449e+01 2.0000e+00 4.2945e-02 3.1185e-02 1.0076e-01 1.9321e-01 1.0028e-01 3.0527e-02
7.9433e+01 8.1252e+01 2.0000e+00 7.7121e-02 1.3154e-02 1.0077e-01 1.9321e-01 1.0023e-01 1.1069e-02
8.9125e+01 9.1513e+01 1.0000e+00 3.8345e-02 3.5448e-02 5.6989e-01 1.9321e-01 1.0026e-01 3.9978e-02
8.9125e+01 9.1919e+01 1.0000e+00 7.9347e-02 6.5364e-02 5.6989e-01 1.9321e-01 9.9614e-02 7.3820e-02
8.9125e+01 9.0413e+01 1.0000e+00 3.6128e-02 1.6435e-02 5.6989e-01 1.9321e-01 9.9647e-02 7.6891e-03
8.9125e+01 8.8718e+01 1.0000e+00 5.2892e-02 6.7652e-03 5.6989e-01 1.9321e-01 9.9680e-02 1.5353e-02
8.9125e+01 8.9485e+01 1.0000e+00 3.7010e-02 1.8435e-02 5.6989e-01 1.9321e-01 9.9555e-02 4.0529e-03
8.9125e+01 9.1884e+01 1.0000e+00 7.7471e-02 7.1005e-02 5.6989e-01 1.9321e-01 9.9882e-02 7.5373e-02
8.9125e+01 9.1424e+01 1.0000e+00 8.2086e-02 2.3482e-02 1.0079e-01 1.9321e-01 1.0020e-01 2.6756e-02
8.9125e+01 8.9488e+01 1.0000e+00 4.9290e-02 4.5338e-02 5.6989e-01 1.9321e-01 9.9760e-02 5.0828e-02
8.9125e+01 9.1020e+01 1.0000e+00 7.2895e-02 3.5401e-02 5.6989e-01 1.9321e-01 9.9744e-02 4.0768e-02
8.9125e+01 9.0187e+01 1.0000e+00 3.9755e-02 5.1646e-03 5.6989e-01 1.9321e-01 9.9646e-02 1.4974e-02
1.0000e+02 1.0220e+02 0.0000e+00 1.1963e-02 8.1991e-02 5.6989e-01 1.9321e-01 9.9825e-02 8.7953e-02
1.0000e+02 1.0056e+02 0.0000e+00 5.8751e-02 4.7418e-02 5.6989e-01 1.9321e-01 9.9876e-02 5.5540e-02
1.0000e+02 9.7742e+01 0.0000e+00 4.1015e-02 2.3738e-02 1.0073e-01 1.9321e-01 1.0032e-01 2.4032e-02
1.0000e+02 1.0378e+02 0.0000e+00 2.0089e-02 2.6080e-02 9.9926e-02 1.9321e-01 9.9624e-02 1.4550e-02
1.0000e+02 1.0211e+02 0.0000e+00 2.5517e-02 6.9236e-02 1.0001e-01 1.9321e-01 9.9715e-02 5.8046e-02
1.0000e+02 9.8963e+01 0.0000e+00 9.6857e-02 8.1015e-02 1.0017e-01 1.9321e-01 9.9891e-02 7.7262e-02
1.0000e+02 1.0079e+02 0.0000e+00 4.8669e-02 2.5120e-02 1.0039e-01 1.9321e-01 9.9887e-02 3.3344e-02
1.0000e+02 1.0057e+02 0.0000e+00 7.0312e-02 2.9924e-02 1.0115e-01 1.9321e-01 1.0060e-01 3.8069e-02
1.0000e+02 1.0378e+02 0.0000e+00 6.4644e-02 2.9070e-02 5.6989e-01 1.9321e-01 1.0013e-01 3.0729e-02
1.0000e+02 9.8716e+01 0.0000e+00 6.9501e-03 5.6064e-02 5.6989e-01 1.9321e-01 9.9700e-02 6.5586e-02
1.1220e+02 1.1064e+02 -1.0000e+00 4.8506e-02 1.5172e-02 5.6989e-01 1.9321e-01 9.9972e-02 1.2817e-02
1.1220e+02 1.1275e+02 -1.0000e+00 1.2726e-01 3.8470e-02 5.6989e-01 1.9321e-01 9.9560e-02 2.9454e-02
1.1220e+02 1.0632e+02 -1.0000e+00 6.4320e-02 3.5063e-02 1.0076e-01 1.9321e-01 9.9951e-02 3.9616e-02
1.1220e+02 1.1078e+02 -1.0000e+00 7.7884e-02 2.6853e-02 5.6989e-01 1.9321e-01 9.9620e-02 3.7633e-02
1.1220e+02 1.0784e+02 -1.0000e+00 2.9154e-02 3.2331e-02 1.0044e-01 1.9321e-01 9.9906e-02 2.5720e-02
1.1220e+02 1.1569e+02 -1.0000e+00 2.9011e-02 5.6721e-02 1.0009e-01 1.9321e-01 9.9823e-02 5.2158e-02
1.1220e+02 1.1305e+02 -1.0000e+00 6.6347e-02 6.2019e-03 1.0006e-01 1.9321e-01 9.9744e-02 7.0636e-03
1.1220e+02 1.1261e+02 -1.0000e+00 5.6647e-03 3.2610e-02 9.9996e-02 1.9321e-01 9.9700e-02 2.3145e-02
1.1220e+02 1.1391e+02 -1.0000e+00 1.0814e-01 6.1817e-02 5.6989e-01 1.9321e-01 1.0038e-01 6.0747e-02
1.1220e+02 1.1082e+02 -1.0000e+00 1.5847e-02 6.7294e-02 1.0002e-01 1.9321e-01 9.9770e-02 5.9463e-02
1.2589e+02 1.2509e+02 -2.0000e+00 1.3960e-02 3.8800e-02 1.0029e-01 1.9321e-01 9.9876e-02 3.3736e-02
1.2589e+02 1.2882e+02 -2.0000e+00 2.3317e-02 8.9199e-02 5.6989e-01 1.9321e-01 9.9552e-02 1.0697e-01
1.2589e+02 1.2484e+02 -2.0000e+00 7.7997e-02 4.3702e-02 1.0065e-01 1.9321e-01 1.0002e-01 5.1623e-02
1.2589e+02 1.2981e+02 -2.0000e+00 3.9724e-02 6.0261e-02 5.6989e-01 1.9321e-01 9.9730e-02 6.5879e-02
1.2589e+02 1.2585e+02 -2.0000e+00 1.6911e-01 4.7954e-02 5.6989e-01 1.9321e-01 9.9572e-02 5.9775e-02
1.2589e+02 1.2055e+02 -2.0000e+00 6.8646e-02 2.3054e-02 1.0041e-01 1.9321e-01 9.9991e-02 1.5942e-02
1.2589e+02 1.2591e+02 -2.0000e+00 1.0780e-01 2.8207e-02 1.0090e-01 1.9321e-01 1.0046e-01 2.9121e-02
1.2589e+02 1.2321e+02 -2.0000e+00 1.0337e-01 1.3108e-02 1.0031e-01 1.9321e-01 9.9859e-02 7.8991e-03
1.2589e+02 1.2090e+02 -2.0000e+00 3.7404e-02 1.8248e-02 1.0050e-01 1.9321e-01 1.0006e-01 1.4185e-02
1.2589e+02 1.2666e+02 -2.0000e+00 3.6756e-02 7.0223e-02 1.0079e-01 1.9321e-01 1.0043e-01 7.2709e-02
1.4125e+02 1.4143e+02 -3.0000e+00 1.6355e-01 2.8509e-02 5.6989e-01 1.9321e-01 1.0008e-01 3.2683e-02
1.4125e+02 1.3966e+02 -3.0000e+00 1.1971e-01 5.9912e-02 5.6989e-01 1.9321e-01 9.9876e-02 5.8825e-02
1.4125e+02 1.4362e+02 -3.0000e+00 8.2993e-02 1.7377e-02 1.0033e-01 1.9321e-01 9.9847e-02 6.4566e-03
1.4125e+02 1.4495e+02 -3.0000e+00 1.6603e-01 3.6874e-02 5.6989e-01 1.9321e-01 4.1231e-01 5.8541e-02
1.4125e+02 1.3853e+02 -3.0000e+00 9.5728e-02 5.0874e-02 5.6989e-01 1.9321e-01 9.9550e-02 6.3490e-02
1.4125e+02 1.4205e+02 -3.0000e+00 3.9378e-02 4.0891e-02 5.6989e-01 1.9321e-01 9.9877e-02 4.2914e-02
1.4125e+02 1.4537e+02 -3.0000e+00 3.3132e-02 4.4457e-02 5.6989e-01 1.9321e-01 1.0005e-01 4.8309e-02
1.4125e+02 1.4675e+02 -3.0000e+00 1.3329e-01 4.4245e-02 5.6989e-01 1.9321e-01 9.9656e-02 6.1672e-02
1.4125e+02 1.3840e+02 -3.0000e+00 1.1646e-01 1.6686e-02 5.6989e-01 1.9321e-01 1.0009e-01 2.2915e-02
1.4125e+02 1.4438e+02 -3.0000e+00 4.6346e-02 1.0084e-02 5.6989e-01 1.9321e-01 9.9592e-02 8.6133e-03
1.5849e+02 1.5278e+02 -4.0000e+00 3.3921e-02 4.9344e-03 1.0071e-01 1.9321e-01 1.0017e-01 6.3733e-03
1.5849e+02 1.5856e+02 -4.0000e+00 3.4320e-02 1.4187e-02 1.0129e-01 1.9321e-01 1.0072e-01 2.1022e-02
1.5849e+02 1.5120e+02 -4.0000e+00 2.0436e-01 1.1541e-01 5.6989e-01 1.9321e-01 4.2464e-01 1.3640e-01
1.5849e+02 1.6199e+02 -4.0000e+00 7.6969e-02 7.6666e-02 1.0090e-01 1.9321e-01 1.0023e-01 8.0737e-02
1.5849e+02 1.5843e+02 -4.0000e+00 5.9066e-02 5.5985e-02 5.6989e-01 1.9321e-01 9.9562e-02 7.2691e-02
1.5849e+02 1.5931e+02 -4.0000e+00 1.0344e-01 2.9206e-02 1.0159e-01 1.9321e-01 1.0113e-01 3.5451e-02
1.5849e+02 1.6065e+02 -4.0000e+00 9.5594e-02 1.2779e-02 1.0143e-01 1.9321e-01 1.0080e-01 9.3497e-03
1.5849e+02 1.5822e+02 -4.0000e+00 2.3715e-01 1.4908e-02 5.6989e-01 1.9321e-01 9.9671e-02 2.7869e-02
1.5849e+02 1.5351e+02 -4.0000e+00 1.4211e-01 1.0388e-01 5.6989e-01 1.9321e-01 1.0112e-01 8.9265e-02
1.5849e+02 1.5964e+02 -4.0000e+00 1.7846e-01 6.8521e-02 5.6989e-01 1.9321e-01 9.9588e-02 8.9110e-02
1.7783e+02 1.8365e+02 -5.0000e+00 2.2834e-02 2.5072e-02 5.6989e-01 1.9321e-01 1.0028e-01 2.9355e-02
1.7783e+02 1.7638e+02 -5.0000e+00 5.5191e-02 5.1397e-02 1.0101e-01 1.9321e-01 1.0043e-01 5.4243e-02
1.7783e+02 1.7783e+02 -5.0000e+00 1.0513e-01 5.0615e-02 1.0080e-01 1.9321e-01 1.0033e-01 5.2977e-02
1.7783e+02 1.7465e+02 -5.0000e+00 2.9629e-02 2.8975e-02 5.6989e-01 1.9321e-01 9.9903e-02 3.3324e-02
1.7783e+02 1.7720e+02 -5.0000e+00 8.0622e-02 7.1642e-02 5.6989e-01 1.9321e-01 1.0127e-01 6.0743e-02
1.7783e+02 1.7457e+02 -5.0000e+00 8.7940e-02 9.6110e-03 1.0063e-01 1.9321e-01 1.0002e-01 6.1930e-03
1.7783e+02 1.7746e+02 -5.0000e+00 1.2112e-01 1.4269e-02 5.6989e-01 1.9321e-01 1.0847e-01 2.0495e-02
1.7783e+02 1.7966e+02 -5.0000e+00 1.1562e-01 3.3154e-03 1.0038e-01 1.9321e-01 9.9872e-02 5.0861e-03
1.7783e+02 1.8346e+02 -5.0000e+00 1.4638e-01 6.5703e-02 5.6989e-01 1.9321e-01 9.9703e-02 5.5198e-02
1.7783e+02 1.8086e+02 -5.0000e+00 7.7045e-02 3.5693e-02 5.6989e-01 1.9321e-01 9.9927e-02 5.7786e-02
1.9953e+02 2.0868e+02 -6.0000e+00 2.5747e-02 7.9863e-02 5.6989e-01 1.9321e-01 9.9711e-02 9.0240e-02
1.9953e+02 2.0307e+02 -6.0000e+00 1.4057e-01 4.0442e-02 1.0110e-01 1.9321e-01 1.0044e-01 3.6262e-02
1.9953e+02 1.9296e+02 -6.0000e+00 9.3409e-02 2.8349e-02 1.0461e-01 1.9321e-01 1.0224e-01 6.3914e-01
1.9953e+02 2.0262e+02 -6.0000e+00 1.8160e-01 7.9014e-02 5.6989e-01 1.9321e-01 4.0771e-01 9.6728e-02
1.9953e+02 2.0005e+02 -6.0000e+00 7.1378e-02 1.9746e-02 1.0104e-01 1.9321e-01 1.0059e-01 2.3531e-02
1.9953e+02 1.9399e+02 -6.0000e+00 2.2842e-01 1.5288e-03 5.6989e-01 1.9321e-01 9.9602e-02 6.5168e-03
1.9953e+02 1.9707e+02 -6.0000e+00 9.2705e-02 1.5428e-01 9.9737e-02 1.9321e-01 9.9607e-02 1.9734e-01
1.9953e+02 1.9641e+02 -6.0000e+00 1.0798e-01 5.9526e-02 1.0123e-01 1.9321e-01 1.0124e-01 5.3123e-01
1.9953e+02 1.9836e+02 -6.0000e+00 2.2061e-01 2.4365e-02 5.6989e-01 1.9321e-01 9.9640e-02 2.6133e-02
1.9953e+02 1.9818e+02 -6.0000e+00 6.8571e-02 2.5132e-02 5.6989e-01 1.9321e-01 9.9549e-02 3.7497e-02
2.2387e+02 2.3029e+02 -7.0000e+00 1.8732e-01 1.1159e-02 9.9944e-02 1.9321e-01 9.9707e-02 4.9376e-03
2.2387e+02 2.1781e+02 -7.0000e+00 2.3940e-01 2.7897e-02 1.0070e-01 1.9321e-01 1.0027e-01 1.2731e-02
2.2387e+02 2.2906e+02 -7.0000e+00 1.1871e-01 4.0885e-02 5.6989e-01 1.9321e-01 9.9560e-02 3.3078e-01
2.2387e+02 2.2159e+02 -7.0000e+00 2.1344e-01 8.9578e-02 5.6989e-01 1.9321e-01 1.5639e-01 1.1591e-01
2.2387e+02 2.2872e+02 -7.0000e+00 1.5558e-01 2.4243e-01 4.1051e-01 2.9535e-01 4.0588e-01 2.3418e-01
2.2387e+02 2.3313e+02 -7.0000e+00 9.1750e-02 5.4995e-02 5.6989e-01 1.9321e-01 1.0049e-01 5.2675e-02
2.2387e+02 2.1604e+02 -7.0000e+00 2.7932e-02 8.6096e-02 5.6989e-01 1.9321e-01 1.0028e-01 8.2011e-02
2.2387e+02 2.1736e+02 -7.0000e+00 8.7740e-03 5.8609e-02 5.6989e-01 1.9321e-01 1.0152e-01 4.0672e-02
2.2387e+02 2.2488e+02 -7.0000e+00 1.5530e-01 4.1914e-02 1.0136e-01 1.9321e-01 1.0033e-01 4.7202e-02
2.2387e+02 2.2107e+02 -7.0000e+00 2.0739e-01 4.0287e-02 5.6989e-01 1.9321e-01 1.0130e-01 7.9382e-03
2.5119e+02 2.5316e+02 -8.0000e+00 1.5781e-01 3.4092e-02 5.6989e-01 1.9321e-01 4.0541e-01 1.3765e-02
2.5119e+02 2.4156e+02 -8.0000e+00 5.0770e-02 2.3722e-02 1.0336e-01 1.9321e-01 1.0335e-01 5.7098e-02
2.5119e+02 2.4614e+02 -8.0000e+00 1.1984e-01 2.0608e-02 5.6989e-01 1.9321e-01 9.9903e-02 3.9806e-02
2.5119e+02 2.5356e+02 -8.0000e+00 8.4689e-02 9.8126e-02 5.6989e-01 1.9321e-01 9.9549e-02 1.1794e-01
2.5119e+02 2.6359e+02 -8.0000e+00 7.3673e-02 1.2772e-01 5.6989e-01 1.9321e-01 1.0140e-01 1.1611e-01
2.5119e+02 2.5124e+02 -8.0000e+00 1.3709e-01 5.7471e-02 5.6989e-01 1.9321e-01 9.9690e-02 8.5945e-02
2.5119e+02 2.4638e+02 -8.0000e+00 6.6034e-02 8.1217e-02 5.6989e-01 1.9321e-01 9.9700e-02 4.1826e-01
2.5119e+02 2.5171e+02 -8.0000e+00 1.3035e-01 1.4733e-03 5.6989e-01 1.9321e-01 9.9598e-02 6.5104e-03
2.5119e+02 2.5219e+02 -8.0000e+00 1.8960e-01 3.8018e-02 5.6989e-01 1.9321e-01 4.8050e-01 7.5572e-02
2.5119e+02 2.4608e+02 -8.0000e+00 2.9472e-01 5.0762e-02 5.6989e-01 1.9321e-01 3.9176e-01 1.8327e-01
2.8184e+02 2.8819e+02 -9.0000e+00 1.2499e-01 4.3028e-02 5.6989e-01 1.9321e-01 1.0494e-01 3.9007e-01
2.8184e+02 2.8956e+02 -9.0000e+00 4.6300e-01 4.0903e-02 5.6989e-01 1.9321e-01 5.2302e-01 3.0468e-01
2.8184e+02 2.8176e+02 -9.0000e+00 2.1252e-01 6.4784e-02 5.6989e-01 1.9321e-01 1.3306e-01 9.0915e-02
2.8184e+02 2.8048e+02 -9.0000e+00 1.5256e-01 6.6757e-02 5.6989e-01 1.9321e-01 1.0013e-01 2.6574e-01
2.8184e+02 2.8671e+02 -9.0000e+00 1.3645e-01 3.0811e-02 5.6989e-01 1.9321e-01 9.9669e-02 5.8599e-02
2.8184e+02 2.7726e+02 -9.0000e+00 1.3235e-01 2.0129e-01 4.1225e-01 2.8224e-01 1.0237e-01 1.8178e-01
2.8184e+02 2.8318e+02 -9.0000e+00 2.4619e-01 2.4352e-01 5.6989e-01 1.9321e-01 1.0208e-01 6.0308e-01
2.8184e+02 2.8323e+02 -9.0000e+00 1.9160e-01 4.0159e-02 1.0071e-01 1.9321e-01 1.0034e-01 3.3160e-01
2.8184e+02 2.9296e+02 -9.0000e+00 1.5615e-01 3.6130e-02 5.6989e-01 1.9321e-01 1.1192e-01 1.1487e-01
2.8184e+02 2.8051e+02 -9.0000e+00 1.1432e-01 1.9113e-01 4.1858e-01 2.4258e-01 1.0041e-01 1.9435e-01
3.1623e+02 3.1699e+02 -1.0000e+01 2.1160e-01 6.5587e-02 1.0231e-01 1.9321e-01 1.0198e-01 5.9581e-02
3.1623e+02 3.1880e+02 -1.0000e+01 1.2801e-01 7.5471e-02 5.6989e-01 1.9321e-01 1.0733e-01 3.6604e-01
3.1623e+02 3.1879e+02 -1.0000e+01 9.7326e-02 9.6519e-02 5.6989e-01 1.9321e-01 1.0044e-01 1.2083e-01
3.1623e+02 3.0388e+02 -1.0000e+01 1.2215e-01 6.5549e-02 5.6989e-01 1.9321e-01 1.0028e-01 8.8108e-02
3.1623e+02 3.1407e+02 -1.0000e+01 2.3063e-01 6.1037e-02 5.6989e-01 1.9321e-01 1.0006e-01 5.0224e-01
3.1623e+02 3.1547e+02 -1.0000e+01 1.4531e-01 1.1728e-01 1.0317e-01 1.9321e-01 1.0316e-01 5.2410e-01
3.1623e+02 3.2678e+02 -1.0000e+01 1.2512e-01 2.4502e-02 1.4315e-01 1.9321e-01 1.0733e-01 4.0014e-01
3.5481e+02 3.5058e+02 -1.1000e+01 3.1852e-01 5.8277e-02 5.6989e-01 1.9327e-01 6.1993e-01 6.1269e-01
3.5481e+02 3.6277e+02 -1.1000e+01 1.6608e-01 8.1409e-03 5.6989e-01 1.9327e-01 8.0121e-01 7.9372e-01
3.5481e+02 3.4063e+02 -1.1000e+01 1.6525e-01 1.8366e-01 9.9633e-02 1.9327e-01 9.9568e-02 4.4588e-01
3.5481e+02 3.4242e+02 -1.1000e+01 6.6066e-02 3.3959e-01 1.0365e-01 1.9327e-01 1.0368e-01 3.5124e-01
3.5481e+02 3.5359e+02 -1.1000e+01 2.1523e-01 3.0967e-01 4.0464e-01 3.5917e-01 5.9829e-01 3.2653e-01
3.5481e+02 3.7009e+02 -1.1000e+01 3.1090e-01 2.2137e-01 4.1054e-01 2.9517e-01 1.0733e-01 2.1571e-01
3.5481e+02 3.6089e+02 -1.1000e+01 1.5484e-01 2.9538e-03 9.9920e-02 1.9327e-01 9.9580e-02 2.0707e-02
3.5481e+02 3.6359e+02 -1.1000e+01 1.1579e-01 5.0942e-03 5.6989e-01 1.9327e-01 1.0039e-01 9.3504e-01
3.5481e+02 3.5333e+02 -1.1000e+01 2.1941e-01 6.1232e-02 5.6989e-01 1.9327e-01 4.6143e-01 4.5952e-01
3.5481e+02 3.5726e+02 -1.1000e+01 3.6937e-01 5.1149e-02 5.6989e-01 1.9327e-01 5.0019e-01 4.3071e-01
3.9811e+02 4.0020e+02 -1.2000e+01 1.2199e-01 2.8957e-02 1.0733e-01 1.9327e-01 1.0733e-01 9.2018e-01
3.9811e+02 3.9336e+02 -1.2000e+01 3.5735e-01 6.5376e-02 5.6989e-01 1.9327e-01 5.0877e-01 4.4777e-01
3.9811e+02 3.9336e+02 -1.2000e+01 3.5735e-01 6.5376e-02 5.6989e-01 1.9327e-01 4.9126e-01 3.5627e-01
3.9811e+02 4.0535e+02 -1.2000e+01 2.5729e-01 1.6456e-02 5.6989e-01 1.9327e-01 1.5621e-01 4.6258e-01
3.9811e+02 3.8198e+02 -1.2000e+01 3.0558e-01 1.8686e-01 1.0021e-01 1.9327e-01 1.0016e-01 9.2141e-01
3.9811e+02 3.8554e+02 -1.2000e+01 1.6026e-01 3.4415e-01 5.6989e-01 1.9327e-01 2.1613e-01 3.5124e-01
3.9811e+02 3.9834e+02 -1.2000e+01 3.5509e-01 2.3877e-01 4.0510e-01 3.5172e-01 5.0875e-01 2.6038e-01
3.9811e+02 4.1258e+02 -1.2000e+01 4.0567e-01 2.4770e-01 4.0497e-01 3.5379e-01 1.0313e-01 2.4884e-01
3.9811e+02 4.0573e+02 -1.2000e+01 2.7530e-01 5.6690e-02 5.6989e-01 1.9327e-01 4.6768e-01 2.5230e-01
3.9811e+02 4.0684e+02 -1.2000e+01 1.7484e-01 1.1455e-03 1.0315e-01 1.9327e-01 1.0314e-01 2.8816e-02
3.9811e+02 3.9584e+02 -1.2000e+01 2.8360e-01 8.6674e-02 5.6989e-01 1.9327e-01 4.9308e-01 4.3662e-01
3.9811e+02 4.0078e+02 -1.2000e+01 1.8467e-01 1.8033e-01 5.6989e-01 1.9327e-01 1.0007e-01 7.2662e-01
4.4668e+02 4.5289e+02 -1.3000e+01 1.8591e-01 4.4198e-02 5.6989e-01 1.9327e-01 4.2202e-01 6.2950e-01
4.4668e+02 4.5174e+02 -1.3000e+01 2.5596e-01 4.5364e-02 5.6989e-01 1.9327e-01 1.0358e-01 6.6331e-02
4.4668e+02 4.4377e+02 -1.3000e+01 2.8476e-01 8.6794e-02 5.6989e-01 1.9327e-01 2.1047e-01 1.0282e-01
4.4668e+02 4.4354e+02 -1.3000e+01 2.4569e-01 2.2494e-02 5.6989e-01 1.9327e-01 1.0549e-01 5.2367e-02
4.4668e+02 4.5488e+02 -1.3000e+01 3.0135e-01 2.2347e-01 4.2513e-01 2.0913e-01 1.1157e+00 1.6320e-01
4.4668e+02 4.2890e+02 -1.3000e+01 2.9215e-01 6.3315e-03 1.0733e-01 1.9327e-01 1.0733e-01 4.0005e-01
4.4668e+02 4.5077e+02 -1.3000e+01 2.9094e-02 3.5709e-01 4.0334e-01 3.9142e-01 1.0036e-01 3.5421e-01
4.4668e+02 4.3854e+02 -1.3000e+01 2.7287e-01 1.6916e-01 5.6989e-01 1.9327e-01 9.9653e-02 6.1052e-01
4.4668e+02 4.3017e+02 -1.3000e+01 1.9506e-01 2.3459e-01 4.0646e-01 1.3606e+00 1.0003e-01 7.1489e-01
4.4668e+02 4.4635e+02 -1.3000e+01 1.9426e-01 2.3049e-01 4.1939e-01 2.3817e-01 6.3221e-01 4.0429e-01
5.0119e+02 4.9744e+02 -1.4000e+01 3.3859e-01 1.1128e-01 1.0547e-01 1.9327e-01 1.0545e-01 7.7675e-01
5.0119e+02 5.2210e+02 -1.4000e+01 1.7955e-01 5.3185e-02 1.0168e-01 1.9327e-01 1.0146e-01 3.2666e-01
5.0119e+02 4.9629e+02 -1.4000e+01 2.2535e-01 1.9722e-01 5.6989e-01 1.9327e-01 8.5292e-01 8.6345e-01
5.0119e+02 4.9725e+02 -1.4000e+01 4.8787e-02 1.6669e-01 5.6989e-01 1.9327e-01 4.7491e-01 3.6798e-01
5.0119e+02 4.9637e+02 -1.4000e+01 2.5688e-01 8.9271e-02 5.6989e-01 1.9327e-01 4.8000e-01 1.0382e+00
5.0119e+02 4.9188e+02 -1.4000e+01 1.3598e-01 2.0883e-01 1.0326e-01 1.9327e-01 1.0327e-01 6.2811e-01
5.0119e+02 4.8731e+02 -1.4000e+01 3.4775e-01 6.0903e-02 1.0232e-01 1.9327e-01 1.0214e-01 6.0816e-02
5.0119e+02 4.9962e+02 -1.4000e+01 2.7666e-01 1.3186e-01 1.0733e-01 1.9327e-01 1.0733e-01 8.9048e-01
5.0119e+02 5.2064e+02 -1.4000e+01 4.9214e-01 7.9651e-03 1.0236e-01 1.9327e-01 1.0204e-01 4.9490e-01
5.0119e+02 4.9244e+02 -1.4000e+01 3.7015e-01 4.3427e-01 9.6084e-01 4.5075e-01 7.0012e-01 4.4202e-01
5.6234e+02 5.5733e+02 -1.5000e+01 4.0218e-01 1.4005e-01 5.6989e-01 1.9327e-01 6.9567e-01 1.4879e-01
5.6234e+02 5.8232e+02 -1.5000e+01 5.7792e-02 2.3632e-01 4.1413e-01 2.6946e-01 1.0716e-01 2.2622e-01
5.6234e+02 5.6242e+02 -1.5000e+01 4.9435e-02 2.8719e-01 4.0812e-01 3.1623e-01 1.0070e-01 3.2107e-01
5.6234e+02 5.7098e+02 -1.5000e+01 4.8054e-01 2.3343e-01 5.6989e-01 7.5562e-01 5.9923e-01 7.5377e-01
5.6234e+02 5.5886e+02 -1.5000e+01 4.1407e-01 4.2753e-03 5.6989e-01 1.9327e-01 3.0281e-01 4.0005e-01
5.6234e+02 5.5379e+02 -1.5000e+01 5.2183e-01 2.3201e-01 1.0000e+06 1.0000e+06 1.1852e+00 2.3076e-01
5.6234e+02 5.6398e+02 -1.5000e+01 4.9637e-01 8.8068e-02 1.0000e+06 1.0000e+06 1.0139e-01 7.2873e-01
5.6234e+02 5.3684e+02 -1.5000e+01 3.0824e-01 2.4702e-01 5.6989e-01 1.9327e-01 1.0815e-01 7.3592e-01
5.6234e+02 5.4648e+02 -1.5000e+01 3.6569e-01 2.3448e-01 1.0423e-01 1.9327e-01 1.0419e-01 1.0004e+00
5.6234e+02 5.6784e+02 -1.5000e+01 2.4143e-01 1.3076e-01 1.0035e-01 1.9327e-01 1.0066e-01 1.1600e+00
6.3096e+02 6.3113e+02 -1.6000e+01 6.2792e-01 3.5772e-02 1.0241e-01 1.9327e-01 1.0249e-01 1.5347e+00
6.3096e+02 6.4878e+02 -1.6000e+01 9.2735e-02 5.8675e-02 1.0169e-01 1.9327e-01 1.0257e-01 5.5691e-01
6.3096e+02 6.1357e+02 -1.6000e+01 1.3206e-01 5.6541e-01 9.6084e-01 6.0351e-01 7.7412e-01 6.3085e-01
6.3096e+02 6.1939e+02 -1.6000e+01 1.2113e-01 1.1621e-01 1.0000e+06 1.0000e+06 8.7185e-01 4.3343e-01
6.3096e+02 6.1211e+02 -1.6000e+01 3.9236e-01 2.6880e-01 1.0219e-01 1.9327e-01 1.0215e-01 8.3169e-01
6.3096e+02 6.3117e+02 -1.6000e+01 2.9449e-01 3.8401e-02 1.0733e-01 1.9327e-01 1.0733e-01 5.5760e-01
6.3096e+02 6.2909e+02 -1.6000e+01 1.8852e-01 3.6857e-02 1.0000e+06 1.0000e+06 3.1736e-01 3.3094e-01
6.3096e+02 6.4259e+02 -1.6000e+01 4.8609e-01 6.1430e-02 5.6989e-01 7.0277e-01 1.5512e-01 2.2302e-01
6.3096e+02 6.2547e+02 -1.6000e+01 2.8483e-01 2.0954e-02 1.0000e+06 1.0000e+06 5.7676e-01 6.2824e-01
6.3096e+02 6.2912e+02 -1.6000e+01 1.2459e-01 3.9190e-01 5.6989e-01 1.9327e-01 1.0025e-01 5.5540e-01
7.0795e+02 7.1282e+02 -1.7000e+01 2.4831e-01 4.0332e-01 1.0000e+06 1.0000e+06 8.3721e-01 1.3548e+00
7.0795e+02 7.0783e+02 -1.7000e+01 2.5431e-01 2.5394e-01 1.0733e-01 1.9327e-01 1.0733e-01 1.0284e+00
7.0795e+02 7.1429e+02 -1.7000e+01 4.5547e-01 8.6636e-02 1.0000e+06 1.0000e+06 2.3135e+00 1.3483e+00
7.0795e+02 7.0035e+02 -1.7000e+01 1.2799e-01 4.3723e-02 1.0733e-01 1.9327e-01 1.4315e-01 9.3102e+00
7.9433e+02 7.8485e+02 -1.8000e+01 3.1302e-01 2.3044e-01 1.0000e+06 1.0000e+06 2.5382e-01 6.0536e-01
7.9433e+02 7.8485e+02 -1.8000e+01 4.1302e-01 1.3044e-01 1.0000e+06 1.0000e+06 2.5383e-01 6.0533e-01
7.9433e+02 7.8485e+02 -1.8000e+01 5.1302e-01 5.3044e-01 1.0000e+06 1.0000e+06 3.5446e-01 6.0527e-01
8.9125e+02 8.8062e+02 -1.9000e+01 6.0002e-01 6.4636e-01 1.0000e+06 1.0000e+06 3.8214e+00 6.4141e-01
8.9125e+02 8.8062e+02 -1.9000e+01 4.0502e-01 1.4636e-01 1.0000e+06 1.0000e+06 4.2234e-01 6.4123e-01
1.0000e+03 9.7962e+02 -2.0000e+01 4.6002e-01 2.4636e-01 1.0000e+06 1.0000e+06 4.2454e-01 6.6187e-01
1.0000e+03 9.9962e+02 -2.0000e+01 5.0002e-01 3.4636e-01 1.0000e+06 1.0000e+06 3.2192e-01 6.2487e-01
1.0000e+03 9.8962e+02 -2.0000e+01 3.0002e-01 2.4636e-01 1.0000e+06 1.0000e+06 4.2331e-01 6.4548e-01
