# noise_perc_th noise_perc SNR_dB Param_f1 Param_f2 SR_f1 SR_f2 SR_CC_f1 SR_CC_f2
0.0000e+00 0.0000e+00 inf 2.8083e-04 3.8072e-02 4.7876e-04 1.2766e-02 2.7481e-04 4.8621e-02
0.0000e+00 0.0000e+00 inf 2.8083e-04 3.8072e-02 2.8073e-04 3.8073e-02 2.7781e-04 3.8077e-02
0.0000e+00 0.0000e+00 inf 2.8083e-04 3.8072e-02 1.5963e-04 4.3542e-02 2.8033e-04 4.6708e-02
0.0000e+00 0.0000e+00 inf 2.8083e-04 3.8072e-02 3.6920e-04 2.9057e-02 3.3592e-04 4.3183e-02
0.0000e+00 0.0000e+00 inf 2.8083e-04 3.8072e-02 2.8317e-04 3.8075e-02 3.2260e-04 4.3175e-02
0.0000e+00 0.0000e+00 inf 2.8083e-04 3.8072e-02 2.8083e-04 3.8072e-02 2.8810e-04 3.8075e-02
0.0000e+00 0.0000e+00 inf 2.8083e-04 3.8072e-02 2.8083e-04 3.8072e-02 2.7421e-04 3.8069e-02
0.0000e+00 0.0000e+00 inf 2.8083e-04 3.8072e-02 3.8191e-04 2.9056e-02 2.7857e-04 3.8074e-02
0.0000e+00 0.0000e+00 inf 2.8083e-04 3.8072e-02 4.7890e-04 1.2768e-02 4.6572e-04 4.5558e-02
0.0000e+00 0.0000e+00 inf 2.8083e-04 3.8072e-02 4.7906e-04 1.2768e-02 2.8083e-04 3.8071e-02
1.0000e+00 1.0000e+00 4.0000e+01 7.7096e-04 3.8995e-02 8.7973e-04 2.8797e-02 9.7047e-04 1.2307e-02
1.0000e+00 1.0000e+00 4.0000e+01 1.2617e-03 3.5454e-02 1.4310e-03 1.4088e-02 1.4290e-03 1.4088e-02
1.0000e+00 1.0000e+00 4.0000e+01 1.1436e-03 3.6065e-02 9.6176e-04 1.4115e-02 9.5968e-04 1.4112e-02
1.0000e+00 1.0000e+00 4.0000e+01 6.6869e-04 3.7910e-02 4.7034e-04 1.1888e-02 6.6859e-04 3.7912e-02
1.0000e+00 1.0000e+00 4.0000e+01 6.2415e-04 3.7841e-02 8.1562e-04 1.2886e-02 6.2250e-04 3.7842e-02
1.0000e+00 1.0000e+00 4.0000e+01 1.8893e-03 3.6816e-02 2.0586e-03 1.2935e-02 1.8884e-03 3.6815e-02
1.0000e+00 1.0000e+00 4.0000e+01 1.1027e-03 3.9895e-02 1.1024e-03 1.0410e-02 1.1024e-03 3.9903e-02
1.0000e+00 1.0000e+00 4.0000e+01 1.5968e-04 3.9312e-02 4.3967e-05 2.9784e-02 1.5961e-04 3.9312e-02
1.0000e+00 1.0000e+00 4.0000e+01 9.7441e-04 3.5201e-02 9.7942e-04 3.5274e-02 7.6317e-04 4.6996e-02
1.0000e+00 1.0000e+00 4.0000e+01 3.7010e-05 3.7429e-02 1.6665e-04 1.2062e-02 1.6870e-04 1.2062e-02
1.1220e+00 1.1220e+00 3.9000e+01 9.3165e-04 4.2503e-02 2.9569e-02 4.1551e-02 9.3161e-04 4.2504e-02
1.1220e+00 1.1220e+00 3.9000e+01 8.1304e-04 4.0595e-02 1.0450e-03 1.2355e-02 1.0428e-03 1.2349e-02
1.1220e+00 1.1220e+00 3.9000e+01 4.4875e-04 3.6304e-02 4.4980e-04 1.0020e-02 6.2207e-04 1.3086e-02
1.1220e+00 1.1220e+00 3.9000e+01 2.5673e-03 4.0973e-02 2.7630e-03 1.2213e-02 2.7630e-03 1.2213e-02
1.1220e+00 1.1220e+00 3.9000e+01 1.6835e-03 3.9565e-02 1.6817e-03 3.9565e-02 1.6832e-03 3.9563e-02
1.1220e+00 1.1220e+00 3.9000e+01 1.5566e-03 3.8529e-02 1.7327e-03 1.3262e-02 1.7327e-03 1.3262e-02
1.1220e+00 1.1220e+00 3.9000e+01 2.4118e-04 4.0473e-02 4.6524e-04 1.1649e-02 3.0990e-04 4.4408e-02
1.1220e+00 1.1220e+00 3.9000e+01 1.9626e-03 4.4419e-02 2.2418e-03 1.1595e-02 2.2410e-03 1.1595e-02
1.1220e+00 1.1220e+00 3.9000e+01 1.2276e-03 3.6264e-02 1.0161e-03 1.2666e-02 1.0165e-03 1.2668e-02
1.1220e+00 1.1220e+00 3.9000e+01 1.5855e-03 3.9379e-02 1.5854e-03 3.9379e-02 1.5771e-03 3.9378e-02
1.2589e+00 1.2589e+00 3.8000e+01 1.6433e-03 4.2550e-02 1.9039e-03 1.1207e-02 1.9046e-03 1.1210e-02
1.2589e+00 1.2589e+00 3.8000e+01 2.1308e-03 3.8710e-02 4.8749e-04 1.0311e-02 2.3296e-03 1.2284e-02
1.2589e+00 1.2589e+00 3.8000e+01 6.7514e-04 3.7672e-02 8.9487e-04 1.1581e-02 8.9494e-04 1.1585e-02
1.2589e+00 1.2589e+00 3.8000e+01 1.2693e-05 3.8736e-02 9.3452e-06 1.0336e-02 2.2014e-04 1.2466e-02
1.2589e+00 1.2589e+00 3.8000e+01 9.6906e-04 3.6786e-02 7.8531e-04 1.3779e-02 9.7072e-04 3.6786e-02
1.2589e+00 1.2589e+00 3.8000e+01 2.8216e-04 3.4729e-02 1.6545e-02 2.4594e-02 1.3535e-04 1.4233e-02
1.2589e+00 1.2589e+00 3.8000e+01 1.5552e-04 3.7210e-02 3.6120e-04 1.2313e-02 3.5646e-04 1.2313e-02
1.2589e+00 1.2589e+00 3.8000e+01 7.0889e-05 3.7486e-02 1.6396e-04 3.7584e-02 2.5942e-04 1.3429e-02
1.2589e+00 1.2589e+00 3.8000e+01 1.3528e-03 3.3736e-02 1.1673e-03 1.2473e-02 1.1674e-03 1.2473e-02
1.2589e+00 1.2589e+00 3.8000e+01 2.6851e-03 3.6701e-02 2.6839e-03 3.6691e-02 2.8342e-03 1.2486e-02
1.4125e+00 1.4125e+00 3.7000e+01 3.8633e-04 3.4394e-02 2.3057e-04 1.4945e-02 2.3164e-04 1.4950e-02
1.4125e+00 1.4125e+00 3.7000e+01 1.9907e-03 3.5493e-02 1.7987e-03 1.4416e-02 1.7948e-03 1.4415e-02
1.4125e+00 1.4125e+00 3.7000e+01 2.2588e-03 3.6868e-02 2.0591e-03 1.5120e-02 2.0477e-03 1.5119e-02
1.4125e+00 1.4125e+00 3.7000e+01 6.6560e-04 4.0415e-02 7.6561e-04 3.1423e-02 8.5378e-04 1.4283e-02
1.4125e+00 1.4125e+00 3.7000e+01 2.3288e-03 3.5402e-02 1.0574e-02 1.0334e-02 2.1535e-03 1.4035e-02
1.4125e+00 1.4125e+00 3.7000e+01 5.8931e-04 3.5664e-02 3.8856e-04 1.5380e-02 3.9140e-04 1.5379e-02
1.4125e+00 1.4125e+00 3.7000e+01 4.5992e-04 3.8346e-02 3.8560e-04 3.1497e-02 2.8212e-04 1.5085e-02
1.4125e+00 1.4125e+00 3.7000e+01 8.5696e-04 3.9161e-02 1.0672e-03 1.2610e-02 1.0790e-03 1.2608e-02
1.4125e+00 1.4125e+00 3.7000e+01 1.5870e-03 3.6111e-02 1.3611e-03 1.2687e-02 1.3710e-03 1.2690e-02
1.4125e+00 1.4125e+00 3.7000e+01 1.8820e-03 3.7668e-02 1.9842e-03 2.2512e-02 2.0687e-03 1.1886e-02
1.5849e+00 1.5849e+00 3.6000e+01 6.5941e-04 3.8514e-02 4.6070e-04 1.3091e-02 4.6598e-04 1.3089e-02
1.5849e+00 1.5849e+00 3.6000e+01 5.3765e-03 4.6204e-02 5.5038e-03 2.2492e-02 5.6049e-03 1.1806e-02
1.5849e+00 1.5849e+00 3.6000e+01 1.4865e-03 3.8015e-02 1.6656e-03 1.4315e-02 1.6656e-03 1.4316e-02
1.5849e+00 1.5849e+00 3.6000e+01 1.5720e-03 4.2111e-02 1.8437e-03 1.2382e-02 1.8433e-03 1.2382e-02
1.5849e+00 1.5849e+00 3.6000e+01 3.0070e-04 3.6531e-02 1.1202e-04 1.3091e-02 3.1639e-04 4.5693e-02
1.5849e+00 1.5849e+00 3.6000e+01 1.2525e-03 3.8269e-02 1.4567e-03 1.3394e-02 1.4587e-03 1.3394e-02
1.5849e+00 1.5849e+00 3.6000e+01 1.6702e-03 3.5021e-02 1.4856e-03 1.3394e-02 1.4967e-03 1.3395e-02
1.5849e+00 1.5849e+00 3.6000e+01 4.6165e-03 4.2735e-02 4.8074e-03 1.1376e-02 4.7928e-03 9.9483e-03
1.5849e+00 1.5849e+00 3.6000e+01 3.6920e-03 3.7888e-02 3.8426e-03 1.2069e-02 3.8366e-03 1.2069e-02
1.5849e+00 1.5849e+00 3.6000e+01 4.2180e-04 3.7982e-02 1.4216e-03 2.2488e-02 6.3207e-04 1.2183e-02
1.7783e+00 1.7783e+00 3.5000e+01 4.1123e-03 3.9610e-02 4.3154e-03 1.1321e-02 4.3092e-03 1.1321e-02
1.7783e+00 1.7783e+00 3.5000e+01 2.9676e-04 3.5902e-02 1.3109e-04 1.1714e-02 1.3072e-04 1.1714e-02
1.7783e+00 1.7783e+00 3.5000e+01 1.1705e-04 4.0763e-02 2.5498e-05 2.2488e-02 9.3570e-05 1.2935e-02
1.7783e+00 1.7783e+00 3.5000e+01 1.9546e-04 4.1411e-02 4.4249e-04 1.3404e-02 4.4251e-04 1.3404e-02
1.7783e+00 1.7783e+00 3.5000e+01 1.6615e-03 4.0646e-02 1.6615e-03 4.0646e-02 1.8629e-03 1.3709e-02
1.7783e+00 1.7783e+00 3.5000e+01 1.8556e-04 4.0940e-02 2.7636e-04 2.2495e-02 4.3662e-04 1.3772e-02
1.7783e+00 1.7783e+00 3.5000e+01 4.9045e-04 4.0892e-02 7.2848e-04 1.4393e-02 7.2373e-04 1.4393e-02
1.7783e+00 1.7783e+00 3.5000e+01 1.4862e-04 3.5122e-02 3.2034e-04 1.3364e-02 3.3810e-04 1.3362e-02
1.7783e+00 1.7783e+00 3.5000e+01 3.2205e-03 3.8069e-02 3.3954e-03 1.1455e-02 3.3954e-03 1.1455e-02
1.7783e+00 1.7783e+00 3.5000e+01 1.1127e-03 3.6965e-02 9.0976e-04 1.2845e-02 8.8922e-04 1.5243e-02
1.9953e+00 1.9953e+00 3.4000e+01 2.9208e-04 4.1897e-02 4.4567e-04 2.2478e-02 5.6988e-04 1.1536e-02
1.9953e+00 1.9953e+00 3.4000e+01 5.1420e-04 3.8821e-02 5.1466e-04 2.2507e-02 7.3910e-04 1.0844e-02
1.9953e+00 1.9953e+00 3.4000e+01 1.8335e-03 3.7426e-02 1.9135e-03 2.2493e-02 1.9218e-03 2.2493e-02
1.9953e+00 1.9953e+00 3.4000e+01 1.1251e-03 3.7917e-02 1.3165e-03 1.1482e-02 1.3222e-03 1.1484e-02
1.9953e+00 1.9953e+00 3.4000e+01 3.0953e-03 4.1021e-02 2.8085e-03 1.4197e-02 2.8043e-03 1.4197e-02
1.9953e+00 1.9953e+00 3.4000e+01 1.3213e-03 3.5613e-02 1.1379e-03 1.1109e-02 1.1280e-03 1.1108e-02
1.9953e+00 1.9953e+00 3.4000e+01 1.6611e-03 3.4587e-02 1.4829e-03 1.4220e-02 1.4786e-03 1.4219e-02
1.9953e+00 1.9953e+00 3.4000e+01 5.1470e-03 3.3165e-02 2.6762e-03 1.6466e-02 4.9909e-03 1.6041e-02
1.9953e+00 1.9953e+00 3.4000e+01 2.9457e-03 4.1221e-02 2.9753e-03 1.2178e-02 3.2304e-03 1.0891e-02
1.9953e+00 1.9953e+00 3.4000e+01 5.8263e-05 3.4579e-02 1.1116e-06 2.2517e-02 1.3247e-04 1.2480e-02
2.2387e+00 2.2387e+00 3.3000e+01 1.8136e-04 3.5465e-02 2.2961e-02 2.2497e-02 3.6474e-04 1.5005e-02
2.2387e+00 2.2387e+00 3.3000e+01 3.8881e-03 3.9892e-02 4.0333e-03 1.1898e-02 4.0332e-03 1.1902e-02
2.2387e+00 2.2387e+00 3.3000e+01 2.1189e-03 3.3814e-02 1.9346e-03 1.3841e-02 1.9382e-03 1.3840e-02
2.2387e+00 2.2387e+00 3.3000e+01 1.1497e-03 4.0124e-02 1.0064e-03 2.2531e-02 8.8953e-04 1.2812e-02
2.2387e+00 2.2387e+00 3.3000e+01 7.9427e-04 3.8497e-02 5.6709e-04 1.3145e-02 5.5162e-04 1.3145e-02
2.2387e+00 2.2387e+00 3.3000e+01 4.1408e-04 3.4026e-02 5.6708e-04 1.2079e-02 5.6775e-04 1.2080e-02
2.2387e+00 2.2387e+00 3.3000e+01 4.8698e-04 3.6840e-02 2.7442e-04 1.2323e-02 2.7919e-04 1.2321e-02
2.2387e+00 2.2387e+00 3.3000e+01 4.1696e-03 3.8961e-02 1.7199e-02 1.8302e-02 3.9552e-03 1.7795e-02
2.2387e+00 2.2387e+00 3.3000e+01 3.7087e-03 4.2428e-02 3.9426e-03 1.1279e-02 3.9461e-03 1.1274e-02
2.2387e+00 2.2387e+00 3.3000e+01 3.0350e-04 4.5158e-02 5.7231e-04 1.2249e-02 5.7313e-04 1.2249e-02
2.5119e+00 2.5119e+00 3.2000e+01 1.8618e-03 3.7134e-02 1.8577e-03 1.1063e-02 1.6961e-03 1.6531e-02
2.5119e+00 2.5119e+00 3.2000e+01 3.6186e-03 3.5496e-02 3.7966e-03 1.1545e-02 3.7993e-03 1.1544e-02
2.5119e+00 2.5119e+00 3.2000e+01 2.0350e-03 2.7533e-02 2.1264e-03 1.2842e-02 2.1205e-03 1.2842e-02
2.5119e+00 2.5119e+00 3.2000e+01 2.9407e-04 3.6208e-02 8.5424e-05 1.3745e-02 9.0855e-05 1.3740e-02
2.5119e+00 2.5119e+00 3.2000e+01 6.0807e-03 3.8098e-02 6.2374e-03 1.1743e-02 6.2267e-03 1.1738e-02
2.5119e+00 2.5119e+00 3.2000e+01 6.1249e-04 4.3393e-02 8.8693e-04 1.4985e-02 8.8668e-04 1.4996e-02
2.5119e+00 2.5119e+00 3.2000e+01 8.0107e-05 4.2241e-02 6.5331e-05 4.2241e-02 3.4239e-04 1.4339e-02
2.5119e+00 2.5119e+00 3.2000e+01 8.9312e-04 3.8928e-02 8.3498e-04 1.2510e-02 1.1191e-03 1.0690e-02
2.5119e+00 2.5119e+00 3.2000e+01 9.4821e-04 3.5275e-02 2.9866e-02 1.2757e-02 7.2134e-04 1.2361e-02
2.5119e+00 2.5119e+00 3.2000e+01 7.3701e-04 4.2790e-02 9.6687e-04 1.4157e-02 9.4093e-04 1.0748e-02
2.8184e+00 2.8184e+00 3.1000e+01 6.7473e-04 3.8385e-02 4.7975e-04 1.2431e-02 4.7980e-04 1.2430e-02
2.8184e+00 2.8184e+00 3.1000e+01 1.5252e-04 3.4197e-02 2.4663e-05 1.3542e-02 2.4240e-05 1.3542e-02
2.8184e+00 2.8184e+00 3.1000e+01 9.4764e-04 3.5473e-02 9.0133e-04 2.2487e-02 7.7467e-04 1.3692e-02
2.8184e+00 2.8184e+00 3.1000e+01 2.2230e-03 3.9491e-02 2.2228e-03 2.2521e-02 2.4632e-03 1.0216e-02
2.8184e+00 2.8184e+00 3.1000e+01 3.0198e-03 3.3029e-02 3.0663e-03 2.2443e-02 3.1392e-03 1.2242e-02
2.8184e+00 2.8184e+00 3.1000e+01 3.1244e-03 4.0718e-02 3.2535e-03 1.2936e-02 3.1711e-03 2.2522e-02
2.8184e+00 2.8184e+00 3.1000e+01 3.0517e-04 2.5844e-02 2.1345e-04 1.6111e-02 2.1148e-04 1.6111e-02
2.8184e+00 2.8184e+00 3.1000e+01 1.2893e-03 3.8139e-02 1.0676e-03 1.0392e-02 1.0644e-03 1.0393e-02
2.8184e+00 2.8184e+00 3.1000e+01 5.5783e-03 3.6014e-02 5.6401e-03 2.2511e-02 5.7222e-03 1.1603e-02
2.8184e+00 2.8184e+00 3.1000e+01 3.4208e-03 4.2914e-02 3.6377e-03 1.3508e-02 3.6426e-03 1.3508e-02
3.1623e+00 3.1623e+00 3.0000e+01 2.0915e-03 4.0064e-02 1.8188e-03 1.1482e-02 1.8189e-03 1.1450e-02
3.1623e+00 3.1623e+00 3.0000e+01 6.1553e-03 4.1404e-02 5.5017e-02 1.0818e-02 6.2638e-03 1.0729e-02
3.1623e+00 3.1623e+00 3.0000e+01 2.8907e-03 4.0120e-02 3.0058e-03 2.2488e-02 3.1264e-03 1.1569e-02
3.1623e+00 3.1623e+00 3.0000e+01 2.3986e-03 4.2643e-02 2.4511e-03 1.6272e-02 2.5741e-03 1.2913e-02
3.1623e+00 3.1623e+00 3.0000e+01 5.1155e-03 3.9479e-02 5.2393e-03 1.0271e-02 5.2464e-03 1.0277e-02
3.1623e+00 3.1623e+00 3.0000e+01 5.5833e-03 4.8786e-02 5.9754e-03 1.0365e-02 5.9727e-03 1.0369e-02
3.1623e+00 3.1623e+00 3.0000e+01 4.3592e-05 2.7165e-02 3.9810e-05 1.5711e-02 5.1427e-05 1.5702e-02
3.1623e+00 3.1623e+00 3.0000e+01 2.3610e-03 4.1799e-02 2.4847e-03 2.2528e-02 2.5665e-03 1.1504e-02
3.1623e+00 3.1623e+00 3.0000e+01 6.6339e-03 3.5015e-02 6.6655e-03 2.2481e-02 6.7824e-03 1.4072e-02
3.1623e+00 3.1623e+00 3.0000e+01 6.9807e-03 4.0326e-02 7.1915e-03 1.0149e-02 7.1909e-03 1.0150e-02
3.5481e+00 3.5481e+00 2.9000e+01 1.1306e-02 3.2102e-02 2.3265e-02 2.5845e-02 1.1398e-02 1.4649e-02
3.5481e+00 3.5481e+00 2.9000e+01 4.2219e-04 4.2953e-02 6.6501e-04 1.4304e-02 6.6511e-04 1.4306e-02
3.5481e+00 3.5481e+00 2.9000e+01 6.4599e-03 5.3186e-02 6.5469e-03 1.0440e-02 6.5754e-03 1.0443e-02
3.5481e+00 3.5481e+00 2.9000e+01 1.0143e-02 3.5644e-02 1.0142e-02 3.5645e-02 1.0238e-02 1.1031e-02
3.5481e+00 3.5481e+00 2.9000e+01 3.2700e-03 3.0614e-02 3.3821e-03 1.6937e-02 3.3814e-03 1.6936e-02
3.5481e+00 3.5481e+00 2.9000e+01 1.0305e-03 4.2089e-02 1.2978e-03 1.3238e-02 1.2984e-03 1.3235e-02
3.5481e+00 3.5481e+00 2.9000e+01 9.5149e-03 3.4465e-02 9.3940e-03 1.3734e-02 9.3763e-03 1.5594e-02
3.5481e+00 3.5481e+00 2.9000e+01 4.4286e-03 3.7370e-02 4.1364e-02 1.2728e-02 4.6021e-03 1.0344e-02
3.5481e+00 3.5481e+00 2.9000e+01 1.9037e-03 4.4096e-02 1.8088e-03 1.7054e-02 1.5482e-03 1.2081e-02
3.5481e+00 3.5481e+00 2.9000e+01 3.7507e-03 3.8781e-02 3.9191e-03 1.6810e-02 3.9242e-03 1.6815e-02
3.9811e+00 3.9811e+00 2.8000e+01 4.3881e-03 3.5907e-02 4.5193e-03 9.8893e-03 4.5190e-03 9.8883e-03
3.9811e+00 3.9811e+00 2.8000e+01 5.3336e-03 4.6003e-02 4.4275e-03 1.2468e-02 5.4019e-03 1.2399e-02
3.9811e+00 3.9811e+00 2.8000e+01 3.5119e-03 3.7483e-02 3.5285e-03 1.0166e-02 3.6497e-03 1.2537e-02
3.9811e+00 3.9811e+00 2.8000e+01 2.6663e-03 4.5370e-02 2.9047e-03 1.2239e-02 2.8922e-03 1.2240e-02
3.9811e+00 3.9811e+00 2.8000e+01 1.1552e-03 3.0792e-02 1.2579e-03 9.6534e-03 1.2503e-03 9.6530e-03
3.9811e+00 3.9811e+00 2.8000e+01 2.6752e-03 3.2226e-02 2.7829e-03 1.5665e-02 2.7831e-03 1.5665e-02
3.9811e+00 3.9811e+00 2.8000e+01 3.9730e-06 4.0554e-02 2.5964e-04 1.0976e-02 2.6023e-04 1.0976e-02
3.9811e+00 3.9811e+00 2.8000e+01 5.3954e-03 3.9083e-02 5.1763e-03 1.7476e-02 5.1815e-03 1.7472e-02
3.9811e+00 3.9811e+00 2.8000e+01 9.7824e-03 3.8991e-02 9.9548e-03 9.9763e-03 9.9395e-03 9.9763e-03
3.9811e+00 3.9811e+00 2.8000e+01 2.7013e-03 3.9611e-02 2.9817e-03 1.2204e-02 2.9815e-03 1.2188e-02
4.4668e+00 4.4668e+00 2.7000e+01 2.5894e-03 3.5503e-02 1.3728e-03 2.2470e-02 2.7802e-03 1.5038e-02
4.4668e+00 4.4668e+00 2.7000e+01 5.3991e-03 4.2132e-02 5.5290e-03 1.5654e-02 5.5340e-03 1.5650e-02
4.4668e+00 4.4668e+00 2.7000e+01 4.6489e-03 3.1263e-02 2.1004e-04 3.6118e-02 4.4236e-03 1.1100e-02
4.4668e+00 4.4668e+00 2.7000e+01 5.1849e-04 3.2431e-02 4.8763e-04 2.2485e-02 3.3582e-04 1.3083e-02
4.4668e+00 4.4668e+00 2.7000e+01 9.3859e-03 2.9083e-02 9.2425e-03 2.0312e-02 9.2418e-03 2.0325e-02
4.4668e+00 4.4668e+00 2.7000e+01 4.5709e-03 3.5931e-02 4.6660e-03 1.3815e-02 4.6798e-03 1.3823e-02
4.4668e+00 4.4668e+00 2.7000e+01 7.1567e-03 3.7584e-02 7.2220e-03 2.2509e-02 7.2378e-03 1.0178e-02
4.4668e+00 4.4668e+00 2.7000e+01 5.2948e-03 3.5207e-02 5.4604e-03 1.3769e-02 5.4585e-03 1.3769e-02
4.4668e+00 4.4668e+00 2.7000e+01 5.9449e-03 2.8500e-02 5.9939e-03 2.2478e-02 5.8334e-03 1.7453e-02
4.4668e+00 4.4668e+00 2.7000e+01 7.9971e-03 4.5987e-02 8.2071e-03 1.0115e-02 8.2077e-03 1.0115e-02
5.0119e+00 5.0119e+00 2.6000e+01 4.2425e-03 3.4782e-02 4.1758e-03 3.1839e-02 3.9326e-03 1.4032e-02
5.0119e+00 5.0119e+00 2.6000e+01 8.2190e-03 4.6969e-02 1.2896e-02 1.6841e-02 8.5328e-03 9.8408e-03
5.0119e+00 5.0119e+00 2.6000e+01 7.5701e-03 4.9058e-02 7.8060e-03 1.6777e-02 7.6746e-03 1.5472e-02
5.0119e+00 5.0119e+00 2.6000e+01 6.0125e-05 2.0248e-02 2.0244e-05 1.4455e-02 3.0757e-05 1.4453e-02
5.0119e+00 5.0119e+00 2.6000e+01 4.9365e-03 4.9122e-02 5.3536e-03 9.9504e-03 5.3699e-03 9.9504e-03
5.0119e+00 5.0119e+00 2.6000e+01 1.4935e-03 4.1057e-02 1.6882e-03 1.5075e-02 1.6653e-03 1.5074e-02
5.0119e+00 5.0119e+00 2.6000e+01 4.2003e-03 4.1911e-02 4.5086e-03 1.0579e-02 4.5044e-03 1.0590e-02
5.0119e+00 5.0119e+00 2.6000e+01 3.1487e-03 4.3597e-02 3.3640e-03 1.0085e-02 3.3706e-03 1.0086e-02
5.0119e+00 5.0119e+00 2.6000e+01 2.2454e-05 3.7393e-02 1.3422e-04 2.2499e-02 2.8002e-04 1.0900e-02
5.0119e+00 5.0119e+00 2.6000e+01 6.4433e-04 3.7185e-02 4.8875e-04 2.2568e-02 3.9699e-04 9.9443e-03
5.6234e+00 5.6234e+00 2.5000e+01 1.4201e-02 3.5291e-02 1.3976e-02 2.0216e-02 1.3994e-02 2.0201e-02
5.6234e+00 5.6234e+00 2.5000e+01 8.1729e-04 1.8928e-02 8.5671e-04 1.2676e-02 8.5670e-04 1.2676e-02
5.6234e+00 5.6234e+00 2.5000e+01 4.5503e-03 4.2036e-02 4.7445e-03 9.9128e-03 4.7452e-03 9.9128e-03
5.6234e+00 5.6234e+00 2.5000e+01 6.6613e-03 5.0833e-02 6.8307e-03 1.2216e-02 6.8466e-03 1.2222e-02
5.6234e+00 5.6234e+00 2.5000e+01 9.8635e-03 6.0386e-02 1.7016e-01 1.4951e-02 1.0061e-02 1.5113e-02
5.6234e+00 5.6234e+00 2.5000e+01 7.3065e-03 2.6233e-02 7.4018e-03 1.2193e-02 7.3822e-03 1.2193e-02
5.6234e+00 5.6234e+00 2.5000e+01 5.7778e-03 2.0280e-02 5.7401e-03 1.4148e-02 5.7428e-03 1.4149e-02
5.6234e+00 5.6234e+00 2.5000e+01 3.2529e-03 3.0885e-02 2.9929e-03 1.0434e-02 2.9935e-03 1.0425e-02
5.6234e+00 5.6234e+00 2.5000e+01 6.1030e-03 4.6529e-02 6.3470e-03 1.0104e-02 6.3543e-03 1.0104e-02
5.6234e+00 5.6234e+00 2.5000e+01 5.7753e-03 3.7064e-02 5.8043e-03 2.2422e-02 5.6085e-03 2.3708e-02
6.3096e+00 6.3096e+00 2.4000e+01 9.3528e-03 3.5807e-02 1.1079e-03 2.2573e-02 9.4406e-03 9.9581e-03
6.3096e+00 6.3096e+00 2.4000e+01 1.3709e-02 5.6919e-02 1.8369e-01 1.3906e-02 1.4117e-02 1.4211e-02
6.3096e+00 6.3096e+00 2.4000e+01 2.1766e-03 3.2358e-02 2.2282e-03 1.8242e-02 2.2280e-03 1.8242e-02
6.3096e+00 6.3096e+00 2.4000e+01 1.0115e-03 2.7005e-02 9.2269e-04 1.7045e-02 9.4014e-04 1.3959e-02
6.3096e+00 6.3096e+00 2.4000e+01 6.3864e-03 3.4386e-02 6.5268e-03 9.8028e-03 6.4544e-03 2.2625e-02
6.3096e+00 6.3096e+00 2.4000e+01 1.1235e-02 3.6064e-02 1.1180e-02 2.2413e-02 1.0982e-02 1.6828e-02
6.3096e+00 6.3096e+00 2.4000e+01 5.9794e-03 4.4685e-02 6.2451e-03 2.0266e-02 6.1514e-03 1.0912e-02
6.3096e+00 6.3096e+00 2.4000e+01 1.3631e-02 4.1518e-02 1.7268e-01 1.0343e-02 1.3809e-02 1.0482e-02
6.3096e+00 6.3096e+00 2.4000e+01 7.7050e-03 5.0712e-02 7.8531e-03 2.2396e-02 7.9401e-03 1.0981e-02
6.3096e+00 6.3096e+00 2.4000e+01 1.6723e-02 3.2966e-02 1.8757e-01 1.2531e-02 1.6868e-02 2.4684e-02
7.0795e+00 7.0795e+00 2.3000e+01 1.2051e-02 2.0916e-02 1.7416e-01 1.0447e-02 1.2122e-02 1.0349e-02
7.0795e+00 7.0795e+00 2.3000e+01 9.2120e-04 2.6528e-02 1.6760e-01 1.0245e-02 1.1448e-03 1.0119e-02
7.0795e+00 7.0795e+00 2.3000e+01 9.9340e-03 3.9453e-02 1.0119e-02 1.0397e-02 1.0121e-02 1.0397e-02
7.0795e+00 7.0795e+00 2.3000e+01 2.4271e-03 4.4122e-02 2.6479e-03 1.3679e-02 2.6562e-03 1.3678e-02
7.0795e+00 7.0795e+00 2.3000e+01 1.2910e-02 3.9365e-02 1.7579e-01 1.0044e-02 1.3016e-02 1.0045e-02
7.0795e+00 7.0795e+00 2.3000e+01 3.7188e-03 3.6696e-02 1.7650e-01 1.5820e-02 4.0914e-03 1.5153e-02
7.0795e+00 7.0795e+00 2.3000e+01 1.1868e-02 3.3602e-02 1.7227e-01 1.9164e-02 1.1915e-02 1.9064e-02
7.0795e+00 7.0795e+00 2.3000e+01 1.7751e-02 2.9595e-02 1.7783e-01 9.8390e-03 1.7819e-02 9.8235e-03
7.0795e+00 7.0795e+00 2.3000e+01 1.4231e-03 3.0068e-02 1.8031e-01 1.0097e-02 1.2481e-03 9.9951e-03
7.0795e+00 7.0795e+00 2.3000e+01 8.1103e-03 5.9377e-02 1.7468e-01 1.1909e-02 8.2759e-03 1.2024e-02
7.9433e+00 7.9433e+00 2.2000e+01 1.1056e-02 3.0581e-02 1.8606e-01 1.1979e-02 1.0724e-02 1.1425e-02
7.9433e+00 7.9433e+00 2.2000e+01 5.3856e-03 2.7956e-02 1.6878e-01 9.6484e-03 5.6641e-03 9.7650e-03
7.9433e+00 7.9433e+00 2.2000e+01 3.1953e-02 1.7914e-03 2.5596e-02 1.0701e-02 3.2336e-02 2.2507e-02
7.9433e+00 7.9433e+00 2.2000e+01 9.8882e-03 2.9044e-02 1.6386e-01 1.0285e-02 9.9806e-03 1.0231e-02
7.9433e+00 7.9433e+00 2.2000e+01 9.0257e-03 9.1915e-03 1.9010e-01 9.6581e-03 9.0001e-03 9.6440e-03
7.9433e+00 7.9433e+00 2.2000e+01 2.9054e-02 1.6880e-02 1.8713e-01 1.8197e-02 2.9046e-02 1.8028e-02
7.9433e+00 7.9433e+00 2.2000e+01 2.3131e-02 7.3684e-02 1.7439e-01 1.0340e-02 2.3576e-02 1.4120e-02
7.9433e+00 7.9433e+00 2.2000e+01 6.7312e-03 5.8065e-02 1.8027e-01 1.1250e-02 6.8515e-03 1.1320e-02
7.9433e+00 7.9433e+00 2.2000e+01 7.7848e-04 2.7380e-02 1.7794e-01 1.0568e-02 9.2193e-04 1.0385e-02
7.9433e+00 7.9433e+00 2.2000e+01 1.6407e-02 1.7875e-02 1.8131e-01 1.1184e-02 1.6425e-02 1.1125e-02
8.9125e+00 8.9125e+00 2.1000e+01 1.9262e-02 3.2971e-02 1.7296e-01 1.0406e-02 1.9470e-02 1.0279e-02
8.9125e+00 8.9125e+00 2.1000e+01 8.3380e-03 2.0271e-02 1.8935e-01 1.4798e-02 8.3925e-03 1.4523e-02
8.9125e+00 8.9125e+00 2.1000e+01 4.4429e-02 3.3573e-02 1.8393e-01 1.4657e-02 4.4359e-02 1.4804e-02
8.9125e+00 8.9125e+00 2.1000e+01 1.0476e-02 3.4061e-02 1.8386e-01 2.1381e-02 1.0535e-02 2.1266e-02
8.9125e+00 8.9125e+00 2.1000e+01 9.6328e-03 1.7972e-02 1.7836e-01 2.2263e-02 9.5447e-03 2.1223e-02
8.9125e+00 8.9125e+00 2.1000e+01 1.1379e-02 4.1122e-02 1.8024e-01 1.0442e-02 1.1588e-02 1.0413e-02
8.9125e+00 8.9125e+00 2.1000e+01 8.9311e-03 4.7776e-02 1.9113e-01 1.2293e-02 9.6827e-03 1.1647e-02
8.9125e+00 8.9125e+00 2.1000e+01 1.7467e-02 2.0918e-02 1.7743e-01 2.4211e-02 1.7353e-02 2.3885e-02
8.9125e+00 8.9125e+00 2.1000e+01 2.0560e-02 3.7925e-02 1.8609e-01 1.0318e-02 2.0621e-02 1.0302e-02
8.9125e+00 8.9125e+00 2.1000e+01 1.6221e-02 3.0695e-02 1.7666e-01 1.0676e-02 1.6283e-02 1.0621e-02
1.0000e+01 1.0000e+01 2.0000e+01 1.6546e-02 3.1582e-02 1.7858e-01 1.0775e-02 1.6843e-02 1.1064e-02
1.0000e+01 1.0000e+01 2.0000e+01 3.1397e-02 2.6242e-02 1.8859e-01 1.7155e-02 3.1435e-02 1.6984e-02
1.0000e+01 1.0000e+01 2.0000e+01 2.0378e-02 4.1555e-02 1.8415e-01 2.8333e-02 2.0475e-02 2.8206e-02
1.0000e+01 1.0000e+01 2.0000e+01 2.0761e-02 3.5323e-02 1.8789e-01 1.0061e-02 2.0834e-02 1.0047e-02
1.0000e+01 1.0000e+01 2.0000e+01 4.1136e-03 2.3998e-02 1.8879e-01 1.5425e-02 4.0269e-03 1.4863e-02
1.0000e+01 1.0000e+01 2.0000e+01 1.6189e-02 4.2824e-02 1.8288e-01 1.0697e-02 1.6282e-02 1.0671e-02
1.0000e+01 1.0000e+01 2.0000e+01 5.0643e-02 3.3338e-03 1.8243e-01 9.6790e-03 5.0632e-02 9.6622e-03
1.0000e+01 1.0000e+01 2.0000e+01 1.8375e-03 4.6933e-02 1.7264e-01 1.7013e-02 1.7881e-03 1.6982e-02
1.0000e+01 1.0000e+01 2.0000e+01 2.9437e-03 2.4418e-02 1.7583e-01 2.8615e-02 3.0567e-03 2.8033e-02
1.0000e+01 1.0000e+01 2.0000e+01 7.4498e-03 2.9384e-02 1.8360e-01 2.9167e-02 7.4251e-03 2.8498e-02
1.1220e+01 1.1220e+01 1.9000e+01 1.0418e-02 4.2018e-02 1.7956e-01 1.0435e-02 1.0989e-02 1.0366e-02
1.1220e+01 1.1220e+01 1.9000e+01 6.0494e-03 1.9235e-02 1.7591e-01 1.0278e-02 5.9493e-03 1.0513e-02
1.1220e+01 1.1220e+01 1.9000e+01 2.2804e-02 1.8078e-02 1.8768e-01 9.5037e-03 2.2856e-02 9.5281e-03
1.1220e+01 1.1220e+01 1.9000e+01 2.4086e-02 2.2670e-02 1.8817e-01 1.0008e-02 2.4187e-02 9.9966e-03
1.1220e+01 1.1220e+01 1.9000e+01 1.0451e-02 2.9900e-02 1.8947e-01 1.2569e-02 1.0234e-02 1.2360e-02
1.1220e+01 1.1220e+01 1.9000e+01 2.0161e-02 3.6174e-02 1.9078e-01 1.6800e-02 2.0296e-02 1.7026e-02
1.1220e+01 1.1220e+01 1.9000e+01 2.2082e-02 1.8442e-02 1.9086e-01 1.5434e-02 2.2104e-02 1.5288e-02
1.1220e+01 1.1220e+01 1.9000e+01 2.0195e-02 6.8083e-02 1.8122e-01 2.7042e-02 2.0464e-02 2.7275e-02
1.1220e+01 1.1220e+01 1.9000e+01 3.9789e-02 5.8385e-02 1.9350e-01 2.2427e-02 4.0271e-02 2.2811e-02
1.1220e+01 1.1220e+01 1.9000e+01 6.3779e-03 1.7793e-02 1.9932e-01 1.7507e-02 6.3426e-03 1.6913e-02
1.2589e+01 1.2589e+01 1.8000e+01 1.3922e-02 2.7246e-02 1.9321e-01 1.3758e-02 1.4216e-02 1.4384e-02
1.2589e+01 1.2589e+01 1.8000e+01 2.9218e-02 6.4830e-02 1.9226e-01 2.5717e-02 2.9645e-02 2.6070e-02
1.2589e+01 1.2589e+01 1.8000e+01 2.1706e-02 5.4282e-02 1.9422e-01 1.0542e-02 2.1981e-02 1.1879e-02
1.2589e+01 1.2589e+01 1.8000e+01 2.4022e-02 2.7463e-02 2.0231e-01 2.4699e-02 2.4045e-02 2.4561e-02
1.2589e+01 1.2589e+01 1.8000e+01 2.3846e-02 3.3609e-02 1.9442e-01 2.0568e-02 2.3663e-02 2.0298e-02
1.2589e+01 1.2589e+01 1.8000e+01 7.9411e-03 6.0654e-02 2.0812e-01 2.9410e-02 8.3428e-03 2.9079e-02
1.2589e+01 1.2589e+01 1.8000e+01 2.3113e-02 4.1420e-02 1.8994e-01 2.9239e-02 2.3246e-02 2.8812e-02
1.2589e+01 1.2589e+01 1.8000e+01 4.1162e-02 5.6083e-02 2.0061e-01 2.2854e-02 4.1354e-02 2.2520e-02
1.2589e+01 1.2589e+01 1.8000e+01 3.1502e-02 5.7842e-02 2.0477e-01 2.0874e-02 3.1420e-02 2.0940e-02
1.2589e+01 1.2589e+01 1.8000e+01 1.6740e-02 5.8203e-03 1.8322e-01 1.1042e-02 1.6722e-02 1.0967e-02
1.4125e+01 1.4125e+01 1.7000e+01 1.3187e-02 1.7066e-02 1.9146e-01 2.3127e-02 1.3019e-02 2.2284e-02
1.4125e+01 1.4125e+01 1.7000e+01 1.6238e-02 4.4811e-02 1.9076e-01 2.0667e-02 1.6874e-02 2.2588e-02
1.4125e+01 1.4125e+01 1.7000e+01 2.7933e-02 8.4821e-02 2.0014e-01 1.5467e-02 2.8197e-02 2.2193e-02
1.4125e+01 1.4125e+01 1.7000e+01 8.3214e-03 7.3747e-03 1.9258e-01 9.3375e-03 8.2697e-03 9.3331e-03
1.4125e+01 1.4125e+01 1.7000e+01 5.8200e-02 2.1587e-02 2.2474e-01 2.4646e-02 5.8419e-02 2.5082e-02
1.4125e+01 1.4125e+01 1.7000e+01 6.5917e-03 7.6052e-03 2.0560e-01 1.1032e-02 6.4750e-03 1.1523e-02
1.4125e+01 1.4125e+01 1.7000e+01 3.6180e-02 1.9986e-02 1.9874e-01 1.1486e-02 3.6194e-02 1.1519e-02
1.4125e+01 1.4125e+01 1.7000e+01 2.3954e-02 3.7485e-02 1.9197e-01 9.9212e-03 2.4528e-02 9.8422e-03
1.4125e+01 1.4125e+01 1.7000e+01 2.8684e-02 6.2594e-03 1.8455e-01 1.2019e-02 2.8674e-02 1.2019e-02
1.4125e+01 1.4125e+01 1.7000e+01 1.3678e-03 2.6437e-02 1.9488e-01 1.1893e-02 1.5977e-03 1.1463e-02
1.5849e+01 1.5849e+01 1.6000e+01 2.8674e-02 5.7383e-02 1.9953e-01 1.3094e-02 2.8194e-02 1.2841e-02
1.5849e+01 1.5849e+01 1.6000e+01 4.0177e-02 5.4267e-03 2.0182e-01 1.0850e-02 4.0264e-02 1.0833e-02
1.5849e+01 1.5849e+01 1.6000e+01 6.3608e-02 5.4385e-02 1.9929e-01 1.5628e-02 6.4433e-02 1.6215e-02
1.5849e+01 1.5849e+01 1.6000e+01 1.1001e-02 2.0070e-02 2.0631e-01 1.0113e-02 1.1160e-02 1.0020e-02
1.5849e+01 1.5849e+01 1.6000e+01 7.0416e-03 1.4701e-02 2.0627e-01 1.1206e-02 7.2516e-03 1.1642e-02
1.5849e+01 1.5849e+01 1.6000e+01 2.7761e-02 3.3345e-02 2.0959e-01 1.1651e-02 2.7797e-02 1.1635e-02
1.5849e+01 1.5849e+01 1.6000e+01 3.1633e-02 7.7025e-03 2.0442e-01 1.1767e-02 3.1538e-02 1.1920e-02
1.5849e+01 1.5849e+01 1.6000e+01 2.4764e-02 3.4718e-02 2.0652e-01 2.9515e-02 2.4941e-02 3.0411e-02
1.5849e+01 1.5849e+01 1.6000e+01 2.1910e-03 3.2092e-02 2.0760e-01 1.3451e-02 2.4337e-03 1.2899e-02
1.5849e+01 1.5849e+01 1.6000e+01 4.8205e-02 8.3635e-02 2.2295e-01 2.3937e-02 1.1417e-01 3.5105e-02
1.7783e+01 1.7783e+01 1.5000e+01 1.7871e-02 4.9800e-02 2.0840e-01 1.0350e-02 1.8315e-02 1.0374e-02
1.7783e+01 1.7783e+01 1.5000e+01 3.3616e-02 1.7926e-02 2.0529e-01 1.6352e-02 3.3610e-02 1.6321e-02
1.7783e+01 1.7783e+01 1.5000e+01 1.4372e-02 4.6683e-02 1.9682e-01 1.6863e-02 1.4441e-02 1.7090e-02
1.7783e+01 1.7783e+01 1.5000e+01 9.2531e-02 9.6003e-02 1.7537e+00 5.8503e-01 1.3516e+00 4.9731e-02
1.7783e+01 1.7783e+01 1.5000e+01 1.7342e-02 5.7742e-02 2.2988e-01 1.3578e-02 1.6161e-02 2.1457e-02
1.7783e+01 1.7783e+01 1.5000e+01 1.4461e-01 1.2847e-02 3.1045e-01 2.2424e-02 2.4773e+00 1.8609e-02
1.7783e+01 1.7783e+01 1.5000e+01 1.4243e-02 4.1746e-02 2.3218e-01 4.3278e-02 8.5485e-01 4.4639e-02
1.7783e+01 1.7783e+01 1.5000e+01 6.7551e-02 5.6036e-02 2.3689e-01 2.2792e-02 6.8175e-02 2.2182e-02
1.7783e+01 1.7783e+01 1.5000e+01 2.9600e-02 3.5150e-02 2.1006e-01 4.0326e-02 2.9543e-02 4.0059e-02
1.7783e+01 1.7783e+01 1.5000e+01 8.5094e-02 7.9889e-02 2.1209e-01 1.1659e-02 8.6009e-02 1.1591e-02
1.9953e+01 1.9953e+01 1.4000e+01 3.7083e-02 5.0005e-02 2.2150e-01 3.6833e-02 3.6621e-02 3.6405e-02
1.9953e+01 1.9953e+01 1.4000e+01 4.1384e-02 1.3068e-01 2.2053e-01 5.4202e-02 6.3620e-01 6.5476e-02
1.9953e+01 1.9953e+01 1.4000e+01 1.0796e-01 6.2730e-02 2.3167e-01 2.9340e-02 1.0920e-01 2.9915e-02
1.9953e+01 1.9953e+01 1.4000e+01 5.6738e-02 6.5127e-02 2.0774e-01 3.5751e-02 5.7140e-02 3.5998e-02
1.9953e+01 1.9953e+01 1.4000e+01 4.0666e-02 5.2513e-02 2.2283e-01 4.4640e-02 4.0716e-02 4.4742e-02
1.9953e+01 1.9953e+01 1.4000e+01 3.9237e-02 1.9810e-02 2.1839e-01 1.0229e-02 3.9329e-02 1.0287e-02
1.9953e+01 1.9953e+01 1.4000e+01 5.3320e-02 1.3988e-02 1.9403e-01 1.1700e-02 5.3326e-02 1.1636e-02
1.9953e+01 1.9953e+01 1.4000e+01 5.9071e-02 2.2868e-02 2.4570e-01 1.2558e-02 5.9142e-02 1.2667e-02
1.9953e+01 1.9953e+01 1.4000e+01 4.7602e-02 1.9343e-02 2.1572e-01 1.9457e-02 4.7463e-02 1.9987e-02
1.9953e+01 1.9953e+01 1.4000e+01 4.7097e-02 2.2143e-02 2.4320e-01 2.0467e-02 4.6939e-02 2.0917e-02
2.2387e+01 2.2387e+01 1.3000e+01 8.1815e-03 3.6602e-02 2.2239e-01 2.5477e-02 7.7207e-03 2.4867e-02
2.2387e+01 2.2387e+01 1.3000e+01 5.2731e-02 2.3803e-02 2.1155e-01 1.9311e-02 5.2649e-02 1.9358e-02
2.2387e+01 2.2387e+01 1.3000e+01 3.6456e-02 4.0847e-02 2.4163e-01 2.1296e-02 3.6237e-02 2.2392e-02
2.2387e+01 2.2387e+01 1.3000e+01 4.2960e-02 3.2691e-02 2.1297e-01 1.9983e-02 4.2760e-02 1.9507e-02
2.2387e+01 2.2387e+01 1.3000e+01 3.6217e-02 3.2765e-02 2.6491e-01 1.1474e-02 1.2493e+00 1.0564e-02
2.2387e+01 2.2387e+01 1.3000e+01 6.4170e-02 5.7208e-02 2.4448e-01 3.3852e-02 6.4178e-02 3.3910e-02
2.2387e+01 2.2387e+01 1.3000e+01 7.5460e-02 4.8969e-02 2.3442e-01 1.4052e-02 7.5823e-02 1.4293e-02
2.2387e+01 2.2387e+01 1.3000e+01 4.5637e-02 7.8441e-02 2.0973e-01 1.8257e-02 4.6402e-02 1.8634e-02
2.2387e+01 2.2387e+01 1.3000e+01 1.0390e-02 4.2726e-02 2.3544e-01 1.8524e-02 9.9358e-03 1.8041e-02
2.2387e+01 2.2387e+01 1.3000e+01 9.4612e-02 3.0259e-02 2.0985e-01 1.7018e-02 9.4608e-02 1.7113e-02
2.5119e+01 2.5119e+01 1.2000e+01 6.7898e-02 4.4523e-02 2.0978e-01 2.9144e-02 6.7945e-02 4.1043e-02
2.5119e+01 2.5119e+01 1.2000e+01 2.9914e-02 6.5787e-03 2.7190e-01 1.1134e-02 3.0117e-02 1.1586e-02
2.5119e+01 2.5119e+01 1.2000e+01 5.0280e-01 1.4787e-01 4.1156e+00 2.2266e-02 4.0159e+00 3.4019e-02
2.5119e+01 2.5119e+01 1.2000e+01 2.1795e-01 8.8082e-02 2.8852e-01 3.1779e-02 1.7405e+00 2.6196e-02
2.5119e+01 2.5119e+01 1.2000e+01 6.5981e-01 3.6437e-02 1.0000e+06 1.0000e+06 3.9859e+00 1.1796e-02
2.5119e+01 2.5119e+01 1.2000e+01 1.1528e-01 3.0943e-02 2.4512e-01 2.5968e-02 1.1555e-01 2.2179e-02
2.5119e+01 2.5119e+01 1.2000e+01 3.4730e-02 4.9990e-02 2.2785e-01 1.8333e-02 3.3948e-02 1.9177e-02
2.5119e+01 2.5119e+01 1.2000e+01 6.4651e-02 3.2408e-02 2.3784e-01 1.5797e-02 6.4790e-02 2.2398e-02
2.5119e+01 2.5119e+01 1.2000e+01 1.4058e-01 1.9759e-02 2.4495e-01 2.5119e-02 1.4036e-01 2.4816e-02
2.5119e+01 2.5119e+01 1.2000e+01 6.0745e-02 1.3156e-01 3.7298e-01 2.9466e-02 1.2625e+00 1.0654e-02
2.8184e+01 2.8184e+01 1.1000e+01 2.3819e-01 1.6035e-01 3.6275e+00 7.7132e-01 3.6588e+00 7.9968e-02
2.8184e+01 2.8184e+01 1.1000e+01 3.8411e-02 8.6249e-02 2.4789e-01 2.9424e-02 3.8608e-02 2.9597e-02
2.8184e+01 2.8184e+01 1.1000e+01 8.9863e-03 3.4294e-02 2.6576e-01 2.3082e-02 8.0473e-03 2.1640e-02
2.8184e+01 2.8184e+01 1.1000e+01 5.4563e-02 8.2488e-02 2.4671e-01 5.3968e-02 5.4561e-02 5.3880e-02
3.1623e+01 3.1623e+01 1.0000e+01 1.2740e-01 4.6142e-02 2.5223e-01 2.2476e-02 1.3661e-01 2.1142e-02
3.1623e+01 3.1623e+01 1.0000e+01 1.6683e-01 4.5315e-02 2.9461e-01 3.7814e-02 1.6667e-01 3.8162e-02
3.1623e+01 3.1623e+01 1.0000e+01 1.0435e-01 5.8690e-02 2.4844e-01 4.3742e-02 1.0405e-01 2.2148e-02
3.1623e+01 3.1623e+01 1.0000e+01 7.2921e-02 3.0881e-02 2.6940e-01 3.0436e-02 7.2897e-02 3.0162e-02
3.1623e+01 3.1623e+01 1.0000e+01 1.0598e-01 7.8332e-02 2.7346e-01 6.5717e-02 1.0591e-01 6.6209e-02
3.1623e+01 3.1623e+01 1.0000e+01 3.7933e-01 2.2737e-01 1.0000e+06 1.0000e+06 3.5469e+00 4.3549e-02
3.1623e+01 3.1623e+01 1.0000e+01 5.5106e-02 2.9860e-02 2.8166e-01 2.2640e-02 5.5456e-02 2.3863e-02
3.1623e+01 3.1623e+01 1.0000e+01 9.5358e-02 7.6785e-02 2.6054e-01 2.8229e-02 9.4730e-02 2.8430e-02
3.1623e+01 3.1623e+01 1.0000e+01 7.3411e-02 5.7249e-02 2.8248e-01 6.0434e-02 7.3096e-02 6.0325e-02
3.1623e+01 3.1623e+01 1.0000e+01 8.0918e-02 1.2371e-01 3.1110e-01 1.8270e-02 8.0920e-02 1.8330e-02
3.5481e+01 3.5481e+01 9.0000e+00 1.5577e-01 4.2936e-02 2.6386e-01 1.5646e-02 1.6445e-01 2.5956e-02
3.5481e+01 3.5481e+01 9.0000e+00 2.0602e-01 6.2585e-02 3.1263e-01 4.8159e-02 2.0554e-01 4.9255e-02
3.5481e+01 3.5481e+01 9.0000e+00 1.2540e-01 8.0478e-02 2.6408e-01 5.4998e-02 1.2412e-01 5.6557e-02
3.5481e+01 3.5481e+01 9.0000e+00 8.7928e-02 3.8732e-02 2.8517e-01 3.8995e-02 8.7937e-02 3.8712e-02
3.5481e+01 3.5481e+01 9.0000e+00 1.2891e-01 1.0253e-01 2.8920e-01 8.0114e-02 1.2842e-01 8.0582e-02
3.5481e+01 3.5481e+01 9.0000e+00 4.8674e-01 2.6739e-01 1.0000e+06 1.0000e+06 3.5408e+00 3.8483e-02
3.5481e+01 3.5481e+01 9.0000e+00 7.0631e-02 3.2053e-02 3.0117e-01 3.0289e-02 7.0686e-02 3.1643e-02
3.5481e+01 3.5481e+01 9.0000e+00 1.1235e-01 7.7354e-02 2.7746e-01 2.6519e-02 1.1163e-01 2.6718e-02
3.5481e+01 3.5481e+01 9.0000e+00 9.0380e-02 6.0801e-02 2.9873e-01 6.3929e-02 9.0398e-02 2.5235e-02
3.5481e+01 3.5481e+01 9.0000e+00 1.0107e-01 1.4691e-01 3.3077e-01 2.5666e-02 1.0136e-01 2.5565e-02
3.5481e+01 3.5481e+01 9.0000e+00 1.5577e-01 4.2936e-02 2.6386e-01 1.5682e-02 1.6439e-01 2.6170e-02
3.5481e+01 3.5481e+01 9.0000e+00 2.0602e-01 6.2585e-02 3.1263e-01 4.7908e-02 2.0558e-01 4.8049e-02
3.5481e+01 3.5481e+01 9.0000e+00 1.2540e-01 8.0478e-02 2.6408e-01 5.5047e-02 1.2485e-01 2.2057e-02
3.5481e+01 3.5481e+01 9.0000e+00 8.7928e-02 3.8732e-02 2.8517e-01 3.8991e-02 8.7897e-02 3.8670e-02
3.5481e+01 3.5481e+01 9.0000e+00 1.2891e-01 1.0253e-01 2.8920e-01 8.0022e-02 1.2841e-01 8.0546e-02
3.5481e+01 3.5481e+01 9.0000e+00 4.8674e-01 2.6739e-01 1.0000e+06 1.0000e+06 3.5408e+00 3.8497e-02
3.5481e+01 3.5481e+01 9.0000e+00 7.0631e-02 3.2053e-02 3.0117e-01 3.0237e-02 7.0606e-02 3.1633e-02
3.5481e+01 3.5481e+01 9.0000e+00 1.1235e-01 7.7354e-02 2.7746e-01 2.6405e-02 1.1163e-01 2.6720e-02
3.5481e+01 3.5481e+01 9.0000e+00 9.0380e-02 6.0801e-02 2.9873e-01 6.3836e-02 9.0450e-02 6.3785e-02
3.5481e+01 3.5481e+01 9.0000e+00 1.0107e-01 1.4691e-01 3.3077e-01 2.5427e-02 1.0137e-01 2.5577e-02
3.9811e+01 3.9811e+01 8.0000e+00 1.8959e-01 3.9393e-02 2.7858e-01 2.0154e-02 4.3872e-01 2.0612e-02
3.9811e+01 3.9811e+01 8.0000e+00 2.5156e-01 8.4632e-02 3.3291e-01 6.0815e-02 4.1958e-01 6.0430e-02
3.9811e+01 3.9811e+01 8.0000e+00 1.4945e-01 1.0874e-01 2.8170e-01 6.9167e-02 1.4783e-01 7.0766e-02
3.9811e+01 3.9811e+01 8.0000e+00 1.0522e-01 5.0609e-02 3.0287e-01 4.9709e-02 1.0517e-01 4.9560e-02
3.9811e+01 3.9811e+01 8.0000e+00 1.5537e-01 1.3390e-01 3.0687e-01 9.8003e-02 1.5467e-01 9.8282e-02
3.9811e+01 3.9811e+01 8.0000e+00 6.1631e-01 3.1221e-01 1.0000e+06 1.0000e+06 4.4128e+00 6.5092e-02
3.9811e+01 3.9811e+01 8.0000e+00 8.9169e-02 4.3888e-02 3.2316e-01 4.0494e-02 8.8882e-02 4.2037e-02
3.9811e+01 3.9811e+01 8.0000e+00 1.3149e-01 7.7313e-02 2.9645e-01 2.3748e-02 1.3058e-01 2.3925e-02
3.9811e+01 3.9811e+01 8.0000e+00 1.1016e-01 6.4606e-02 3.1698e-01 6.6991e-02 1.1041e-01 6.6961e-02
3.9811e+01 3.9811e+01 8.0000e+00 1.2455e-01 1.7320e-01 3.5284e-01 3.5514e-02 1.2514e-01 3.5537e-02
4.4668e+01 4.4668e+01 7.0000e+00 7.5256e-01 2.5282e-01 1.0000e+06 1.0000e+06 4.2232e+00 3.1537e-02
4.4668e+01 4.4668e+01 7.0000e+00 3.5552e-01 1.2952e-01 3.5698e-01 1.1758e-01 9.9335e-01 1.3765e-01
4.4668e+01 4.4668e+01 7.0000e+00 1.2267e-01 1.0225e-01 2.8219e-01 4.1421e-02 1.2092e-01 4.2377e-02
4.4668e+01 4.4668e+01 7.0000e+00 1.7906e-01 1.1137e-01 3.3860e-01 8.3456e-02 1.7919e-01 8.3356e-02
4.4668e+01 4.4668e+01 7.0000e+00 1.8459e-01 6.5059e-02 3.0440e-01 5.6180e-02 1.8525e-01 5.6603e-02
4.4668e+01 4.4668e+01 7.0000e+00 4.6008e-01 3.2895e-02 4.4775e-01 3.1225e-02 2.2853e+00 3.6927e-02
4.4668e+01 4.4668e+01 7.0000e+00 1.5657e-01 1.1857e-01 3.1361e-01 6.0163e-02 1.5713e-01 6.0420e-02
4.4668e+01 4.4668e+01 7.0000e+00 7.7619e-01 9.0387e-02 3.6902e+00 5.8895e-01 3.5935e+00 4.4187e-02
4.4668e+01 4.4668e+01 7.0000e+00 1.4328e-01 1.1298e-01 2.9904e-01 1.1260e-01 3.9934e-01 1.3561e-01
4.4668e+01 4.4668e+01 7.0000e+00 1.5499e-01 1.5587e-01 2.8627e-01 1.2329e-01 1.5366e-01 1.2400e-01
5.0119e+01 5.0119e+01 6.0000e+00 2.2474e-01 1.3691e-01 3.6103e-01 6.1425e-02 3.6839e-01 5.9386e-02
5.0119e+01 5.0119e+01 6.0000e+00 1.7057e-01 1.4031e-01 3.4056e-01 9.6603e-02 2.0573e-01 1.0961e-01
5.0119e+01 5.0119e+01 6.0000e+00 2.3832e-01 2.5853e-01 3.6485e-01 1.3341e-01 5.3115e-01 1.2936e-01
5.0119e+01 5.0119e+01 6.0000e+00 2.7907e-01 1.2850e-01 4.3188e-01 1.3219e-01 2.7652e+00 1.4282e-01
5.0119e+01 5.0119e+01 6.0000e+00 2.5244e-01 7.2119e-02 3.6808e-01 5.4425e-02 1.1687e+00 5.7420e-02
5.0119e+01 5.0119e+01 6.0000e+00 7.8179e-02 2.2517e-01 3.3269e-01 1.3121e-01 7.7764e-01 1.4783e-01
5.0119e+01 5.0119e+01 6.0000e+00 1.6914e+00 6.2919e-02 9.3905e+00 6.1732e-01 6.0047e+00 8.4436e-02
5.0119e+01 5.0119e+01 6.0000e+00 1.1040e+00 1.8857e-01 1.0000e+06 1.0000e+06 6.8094e+00 1.0118e-01
5.0119e+01 5.0119e+01 6.0000e+00 1.1866e+00 1.5025e-01 6.9451e+00 9.0517e-01 6.9451e+00 8.8675e-01
5.0119e+01 5.0119e+01 6.0000e+00 9.3107e-02 2.4844e-01 4.9864e-01 1.3655e-01 1.9321e+00 1.5884e-01
5.6234e+01 5.6234e+01 5.0000e+00 5.9637e-01 2.3159e-01 4.6692e+00 6.8187e-01 3.3083e+00 7.2790e-02
5.6234e+01 5.6234e+01 5.0000e+00 2.3737e-01 1.2624e-01 3.7314e-01 1.0277e-01 3.4703e-01 1.1967e-01
5.6234e+01 5.6234e+01 5.0000e+00 1.2470e+00 1.0392e-01 4.4378e+00 1.1565e+00 4.5123e+00 1.1453e-01
5.6234e+01 5.6234e+01 5.0000e+00 6.6829e-01 3.4857e-01 5.0513e-01 1.0730e-01 2.0176e+00 1.3495e-01
5.6234e+01 5.6234e+01 5.0000e+00 3.3960e-02 2.5319e-01 2.8355e+00 6.4255e-02 2.7406e+00 6.5110e-02
5.6234e+01 5.6234e+01 5.0000e+00 8.0648e-01 1.7717e-01 5.2266e-01 1.6079e-02 3.7422e+00 1.4411e-02
5.6234e+01 5.6234e+01 5.0000e+00 1.5377e-01 2.2504e-01 4.4081e-01 1.6813e-01 1.1774e+00 1.7173e-01
5.6234e+01 5.6234e+01 5.0000e+00 2.6308e-01 3.5561e-01 5.0383e-01 3.0290e-01 2.7341e+00 6.1672e-01
5.6234e+01 5.6234e+01 5.0000e+00 2.5209e-01 1.5763e-01 4.3167e-01 1.6507e-01 3.7741e-01 1.7311e-01
5.6234e+01 5.6234e+01 5.0000e+00 2.2202e-01 1.2331e-01 5.4513e-01 1.2412e-01 1.4161e+00 1.3804e-01
6.3096e+01 6.3096e+01 4.0000e+00 4.0346e-01 8.4211e-02 4.2072e-01 4.2125e-02 3.9652e-01 3.9609e-02
6.3096e+01 6.3096e+01 4.0000e+00 3.1906e-01 2.0684e-01 3.6844e-01 4.5181e-01 5.0313e-01 1.9730e-01
6.3096e+01 6.3096e+01 4.0000e+00 9.8691e-01 3.5302e-01 5.0686e+00 7.6955e-01 4.9144e+00 8.6767e-02
6.3096e+01 6.3096e+01 4.0000e+00 3.8570e-01 2.6027e-01 5.4554e+00 1.0629e+00 5.2515e+00 4.2917e-02
6.3096e+01 6.3096e+01 4.0000e+00 1.6060e-01 2.4535e-01 4.4634e-01 9.8275e-02 4.8557e-01 8.5551e-02
6.3096e+01 6.3096e+01 4.0000e+00 2.4970e-01 1.5325e-01 4.0264e-01 1.0947e-01 1.6365e+00 1.1268e-01
6.3096e+01 6.3096e+01 4.0000e+00 3.1005e-01 3.7680e-01 3.6720e-01 1.9226e-01 3.2947e-01 2.1480e-01
6.3096e+01 6.3096e+01 4.0000e+00 2.5664e-01 2.3598e-01 4.7469e-01 2.4314e-01 2.2338e+00 2.8412e-01
6.3096e+01 6.3096e+01 4.0000e+00 2.5715e-01 2.9810e-01 3.5819e-01 1.7619e-01 2.4333e-01 1.8128e-01
6.3096e+01 6.3096e+01 4.0000e+00 3.3076e-01 2.2645e-01 4.8927e-01 1.9102e-01 4.5653e-01 2.1218e-01
7.0795e+01 7.0795e+01 3.0000e+00 4.0884e-01 2.8829e-01 5.0831e-01 2.5661e-01 4.8318e-01 2.6668e-01
7.0795e+01 7.0795e+01 3.0000e+00 9.5765e-01 1.9443e-01 6.1953e-01 2.2493e-01 4.6725e+00 2.2688e-01
7.0795e+01 7.0795e+01 3.0000e+00 1.8906e+00 1.1509e-01 8.2602e+00 1.0481e+00 8.2900e+00 1.2651e-01
7.0795e+01 7.0795e+01 3.0000e+00 4.4344e-01 2.3818e-01 4.1389e-01 7.7646e-02 6.7497e-01 6.4104e-02
7.0795e+01 7.0795e+01 3.0000e+00 4.1230e-01 1.0296e-01 3.8155e-01 4.9817e-02 7.1002e-01 4.6629e-02
7.0795e+01 7.0795e+01 3.0000e+00 1.6478e-01 5.0252e-01 4.0696e-01 1.9117e-01 9.7692e-01 1.7870e-01
7.0795e+01 7.0795e+01 3.0000e+00 4.5387e-02 3.8024e-01 5.9933e-01 1.2894e-01 2.6663e+00 9.6153e-02
7.0795e+01 7.0795e+01 3.0000e+00 3.0850e-01 2.2526e-01 4.8648e-01 9.6140e-02 5.1071e-01 4.5444e-01
7.0795e+01 7.0795e+01 3.0000e+00 3.6301e-01 4.4734e-01 4.0759e-01 1.4143e-01 3.9523e-01 1.4929e-01
7.0795e+01 7.0795e+01 3.0000e+00 1.4707e-01 2.0837e-01 5.0251e-01 2.0864e-01 1.9176e+00 2.1960e-01
7.9433e+01 7.9433e+01 2.0000e+00 2.6967e-01 3.3920e-01 4.6548e-01 1.3543e-01 3.9712e-01 1.3682e-01
7.9433e+01 7.9433e+01 2.0000e+00 1.1495e+00 3.0920e-01 5.7754e+00 1.2152e+00 5.8422e+00 4.4176e-01
7.9433e+01 7.9433e+01 2.0000e+00 4.4341e-01 1.6215e-01 5.1341e-01 9.5610e-02 4.8335e-01 9.6707e-02
7.9433e+01 7.9433e+01 2.0000e+00 6.1399e-01 3.1139e-01 6.1939e-01 1.9066e-01 8.7108e-01 1.9677e-01
7.9433e+01 7.9433e+01 2.0000e+00 3.7589e-01 2.3977e-01 5.9205e-01 2.3848e-01 4.2535e-01 2.6764e-01
7.9433e+01 7.9433e+01 2.0000e+00 7.3053e-01 1.0554e-01 5.5960e-01 9.7527e-02 2.2074e+00 1.0763e-01
7.9433e+01 7.9433e+01 2.0000e+00 8.3238e-01 2.5904e-01 5.9022e-01 2.4185e-01 3.9938e+00 2.4923e-01
7.9433e+01 7.9433e+01 2.0000e+00 1.1447e-01 1.7056e-01 5.1777e-01 8.9100e-02 1.2649e+00 1.0254e-01
7.9433e+01 7.9433e+01 2.0000e+00 4.7528e-01 3.0000e-01 4.1929e-01 1.6278e-01 1.4178e+00 1.6661e-01
7.9433e+01 7.9433e+01 2.0000e+00 6.8702e-01 2.7757e-01 1.0000e+06 1.0000e+06 3.1495e+00 1.2788e+00
8.9125e+01 8.9125e+01 1.0000e+00 4.1857e-01 1.6898e-01 5.3981e-01 1.5372e-01 9.6027e-01 1.6056e-01
8.9125e+01 8.9125e+01 1.0000e+00 6.0269e-01 2.9983e-01 1.0000e+06 1.0000e+06 2.4073e+00 3.3254e-01
8.9125e+01 8.9125e+01 1.0000e+00 4.1145e-01 4.6593e-01 4.7149e-01 3.1298e-01 4.9775e-01 3.1867e-01
8.9125e+01 8.9125e+01 1.0000e+00 1.1518e+00 2.9866e-01 4.8932e+00 1.0070e+00 4.9720e+00 3.3824e-01
8.9125e+01 8.9125e+01 1.0000e+00 6.9690e-01 4.2980e-01 5.9253e-01 2.0416e-01 6.0944e-01 1.9171e-01
8.9125e+01 8.9125e+01 1.0000e+00 2.8749e-01 6.6835e-01 5.1074e-01 2.5091e-01 4.8112e-01 2.8310e-01
8.9125e+01 8.9125e+01 1.0000e+00 2.9635e-01 7.3522e-01 5.8951e-01 2.4744e-01 3.0978e-01 2.4660e-01
8.9125e+01 8.9125e+01 1.0000e+00 3.4244e-01 2.4942e-01 6.3804e+00 1.1039e+00 6.6324e+00 2.8489e-01
8.9125e+01 8.9125e+01 1.0000e+00 5.4946e-01 2.8019e-01 7.0513e-01 2.4616e-01 7.0746e-01 2.3301e-01
8.9125e+01 8.9125e+01 1.0000e+00 1.6041e+00 2.7885e-01 1.0000e+06 1.0000e+06 6.5387e+00 2.2098e-01
1.0000e+02 1.0000e+02 0.0000e+00 7.8586e-01 1.7619e-01 6.1444e-01 1.4155e-01 3.1579e+00 1.5206e-01
1.0000e+02 1.0000e+02 0.0000e+00 7.8586e-01 1.7619e-01 6.1444e-01 1.4155e-01 3.1576e+00 1.5146e-01
1.0000e+02 1.0000e+02 0.0000e+00 9.9573e-01 5.2653e-01 7.1134e-01 1.0485e+00 3.5895e+00 1.0485e+00
1.0000e+02 1.0000e+02 0.0000e+00 5.1311e-01 8.0450e-01 6.2450e-01 1.0467e+00 6.3247e-01 1.0467e+00
1.0000e+02 1.0000e+02 0.0000e+00 3.6117e-01 2.9937e-01 5.9980e-01 3.2140e-01 4.7498e-01 3.4010e-01
1.0000e+02 1.0000e+02 0.0000e+00 5.2977e-01 9.4666e-01 5.7780e-01 9.8565e-01 6.9763e-01 9.8565e-01
1.0000e+02 1.0000e+02 0.0000e+00 2.7832e+00 9.6371e-01 1.2074e+01 9.8444e-01 1.2778e+01 9.8593e-01
1.0000e+02 1.0000e+02 0.0000e+00 3.6346e-01 6.7604e-01 6.4480e-01 3.3796e-01 1.6440e+00 3.6614e-01
1.0000e+02 1.0000e+02 0.0000e+00 3.8888e-01 1.4812e-01 5.9832e-01 1.2023e-01 3.8520e-01 1.1995e-01
1.0000e+02 1.0000e+02 0.0000e+00 4.0810e-01 1.3165e-01 6.0687e-01 7.7189e-02 5.8157e-01 4.3783e-02
1.0000e+02 1.0000e+02 0.0000e+00 4.4532e-01 7.4762e-01 6.5971e-01 9.8650e-01 4.9072e-01 9.8650e-01
1.1220e+02 1.1220e+02 -1.0000e+00 3.0383e+00 8.3164e-01 1.1594e+01 1.1555e+00 1.2260e+01 1.0143e+00
1.1220e+02 1.1220e+02 -1.0000e+00 1.3337e+00 6.7003e-01 5.0364e+00 8.3697e-01 4.9965e+00 1.0123e+00
1.1220e+02 1.1220e+02 -1.0000e+00 4.7472e-01 4.6081e-01 1.0000e+06 1.0000e+06 5.8269e-01 1.0375e+00
1.1220e+02 1.1220e+02 -1.0000e+00 5.9579e-01 6.8191e-01 6.9765e-01 1.0062e+00 7.0515e-01 1.0062e+00
1.1220e+02 1.1220e+02 -1.0000e+00 6.1921e-01 3.0691e-01 5.8999e-01 3.0597e-01 6.0344e-01 3.2403e-01
1.1220e+02 1.1220e+02 -1.0000e+00 1.5379e+00 3.6145e-01 6.7270e+00 9.6704e-01 6.7133e+00 4.0286e-01
1.1220e+02 1.1220e+02 -1.0000e+00 5.7116e-01 7.4896e-01 6.5817e-01 1.0509e+00 7.3116e-01 1.0509e+00
1.1220e+02 1.1220e+02 -1.0000e+00 3.1882e+00 4.4630e-01 1.0261e+01 1.1290e+00 1.0889e+01 1.1676e+00
1.1220e+02 1.1220e+02 -1.0000e+00 4.4125e-01 4.7918e-01 6.9048e-01 1.1604e+00 3.7218e+00 1.0324e+00
1.1220e+02 1.1220e+02 -1.0000e+00 5.6912e-01 9.5679e-01 5.8257e-01 9.4628e-01 9.5986e-01 9.4628e-01
1.2589e+02 1.2589e+02 -2.0000e+00 7.9166e-01 9.1553e-01 8.5265e-01 1.1550e+00 1.1368e+00 1.1550e+00
1.2589e+02 1.2589e+02 -2.0000e+00 4.8106e-01 4.6998e-01 1.0000e+06 1.0000e+06 3.2354e+00 1.2256e+00
1.2589e+02 1.2589e+02 -2.0000e+00 7.8167e-01 1.8585e+00 7.6938e-01 1.1187e+00 1.5362e+00 1.1187e+00
1.2589e+02 1.2589e+02 -2.0000e+00 8.9130e-01 6.5315e-01 5.9039e+00 1.6575e+00 6.0020e+00 1.1749e+00
1.2589e+02 1.2589e+02 -2.0000e+00 1.0914e+00 1.3143e-01 9.0468e-01 1.2814e-01 4.6996e+00 1.3156e-01
1.2589e+02 1.2589e+02 -2.0000e+00 2.0091e-01 1.1293e+00 8.6952e-01 1.0194e+00 3.3411e+00 1.0194e+00
1.2589e+02 1.2589e+02 -2.0000e+00 6.6178e+00 3.7625e-01 1.7546e+01 1.3841e+00 1.8474e+01 1.2926e+00
1.2589e+02 1.2589e+02 -2.0000e+00 4.1282e+00 3.8934e-01 1.7264e+01 1.7267e+00 1.9271e+01 1.2006e+00
1.2589e+02 1.2589e+02 -2.0000e+00 4.5812e+00 8.6326e-01 1.3997e+01 1.7931e+00 1.4751e+01 1.5471e+00
1.2589e+02 1.2589e+02 -2.0000e+00 1.5702e-01 1.2371e+00 5.8706e+00 9.4290e-01 6.0014e+00 9.4290e-01
1.4125e+02 1.4125e+02 -3.0000e+00 1.7618e+00 9.3564e-01 1.0000e+06 1.0000e+06 1.3552e+01 1.0979e+00
1.4125e+02 1.4125e+02 -3.0000e+00 6.9037e-01 6.3590e-01 1.0000e+06 1.0000e+06 1.1035e+00 1.0592e+00
1.4125e+02 1.4125e+02 -3.0000e+00 4.3133e+00 6.3915e-01 1.4407e+01 2.9781e+00 1.4850e+01 1.2376e+00
1.4125e+02 1.4125e+02 -3.0000e+00 2.0088e+00 1.6986e+00 1.1630e+00 1.0669e+00 6.4957e+00 1.0669e+00
1.4125e+02 1.4125e+02 -3.0000e+00 1.6829e-02 1.1853e+00 7.3568e+00 1.1299e+00 7.4210e+00 1.1168e+00
1.4125e+02 1.4125e+02 -3.0000e+00 2.8724e+00 8.6751e-01 1.0771e+01 2.4168e+00 1.0676e+01 1.2026e+00
1.4125e+02 1.4125e+02 -3.0000e+00 3.8373e-01 1.6736e+00 1.0691e+00 1.0588e+00 5.2141e+00 1.0588e+00
1.4125e+02 1.4125e+02 -3.0000e+00 7.1352e-01 2.0721e+00 8.3286e+00 1.1660e+00 8.3275e+00 1.1660e+00
1.4125e+02 1.4125e+02 -3.0000e+00 6.3776e-01 8.9200e-01 8.9636e-01 1.0622e+00 2.3160e+00 1.2465e+00
1.4125e+02 1.4125e+02 -3.0000e+00 8.6985e-01 6.9920e-01 1.0000e+06 1.0000e+06 2.2869e+00 1.1250e+00
1.5849e+02 1.5849e+02 -4.0000e+00 1.2298e+00 4.5519e-01 9.5822e-01 4.7284e-01 1.8758e+00 4.6806e-01
1.5849e+02 1.5849e+02 -4.0000e+00 9.6292e-01 1.2925e+00 8.2345e-01 1.0972e+00 1.5290e+00 1.0972e+00
1.5849e+02 1.5849e+02 -4.0000e+00 3.0898e+00 8.1595e-01 1.5616e+01 2.3005e+00 1.5590e+01 2.6389e-01
1.5849e+02 1.5849e+02 -4.0000e+00 1.1370e+00 4.6978e-01 1.5437e+01 2.7759e+00 1.5970e+01 1.2369e+00
1.5849e+02 1.5849e+02 -4.0000e+00 4.9316e-01 1.0534e+00 9.4010e-01 1.1746e+00 1.2370e+00 1.1746e+00
1.5849e+02 1.5849e+02 -4.0000e+00 7.5110e-01 1.0858e+00 6.9044e+00 1.2398e+00 6.9031e+00 1.2398e+00
1.5849e+02 1.5849e+02 -4.0000e+00 9.4279e-01 1.3117e+00 8.8175e-01 1.2587e+00 1.0886e+00 1.2587e+00
1.5849e+02 1.5849e+02 -4.0000e+00 7.8539e-01 1.3362e+00 1.0000e+06 1.0000e+06 7.9961e+00 1.1617e+00
1.5849e+02 1.5849e+02 -4.0000e+00 7.3183e-01 1.9173e+00 8.5618e-01 1.0929e+00 8.8045e-01 1.0929e+00
1.5849e+02 1.5849e+02 -4.0000e+00 8.6621e-01 1.1305e+00 1.0122e+00 1.1803e+00 1.1129e+00 1.1803e+00
1.7783e+02 1.7783e+02 -5.0000e+00 1.0801e+00 1.7774e+00 1.0000e+06 1.0000e+06 1.1105e+00 2.0980e+00
1.7783e+02 1.7783e+02 -5.0000e+00 3.1082e+00 1.5103e+00 1.3321e+01 2.8833e+00 1.3330e+01 2.8832e+00
1.7783e+02 1.7783e+02 -5.0000e+00 5.8640e+00 7.1000e-01 2.3269e+01 3.0708e+00 2.3195e+01 1.2724e+00
1.7783e+02 1.7783e+02 -5.0000e+00 1.3924e+00 1.0742e+00 9.8216e-01 1.2151e+00 3.8778e+00 1.2151e+00
1.7783e+02 1.7783e+02 -5.0000e+00 1.4066e+00 6.8487e-01 9.4843e-01 9.7414e-01 4.0489e+00 9.2869e-01
1.7783e+02 1.7783e+02 -5.0000e+00 5.3117e-01 1.1193e+00 9.5263e-01 1.3562e+00 5.2672e-01 1.3562e+00
1.7783e+02 1.7783e+02 -5.0000e+00 2.4621e-01 1.0421e+00 1.3966e+00 1.3630e+00 7.5494e+00 1.3630e+00
1.7783e+02 1.7783e+02 -5.0000e+00 1.0081e+00 1.1245e+00 1.1241e+00 1.2231e+00 1.1687e+00 1.2231e+00
1.7783e+02 1.7783e+02 -5.0000e+00 1.2200e+00 1.5529e+00 9.2393e-01 1.1117e+00 1.6921e+00 1.1117e+00
1.7783e+02 1.7783e+02 -5.0000e+00 3.6782e-01 1.0316e+00 6.9053e+00 1.2698e+00 7.0349e+00 1.3202e+00
1.9953e+02 1.9953e+02 -6.0000e+00 7.9974e-01 1.1380e+00 1.0930e+00 1.3427e+00 1.5858e+00 1.3427e+00
1.9953e+02 1.9953e+02 -6.0000e+00 3.5937e+00 1.4995e+00 1.6590e+01 1.9617e+00 1.6599e+01 1.9612e+00
1.9953e+02 1.9953e+02 -6.0000e+00 1.1954e+00 7.7710e-01 1.1434e+00 1.9467e+00 1.7986e+00 1.9416e+00
1.9953e+02 1.9953e+02 -6.0000e+00 1.7961e+00 8.0912e-01 1.4182e+00 1.4208e+00 2.5905e+00 1.4208e+00
1.9953e+02 1.9953e+02 -6.0000e+00 9.2171e-01 1.2999e+00 1.3463e+00 1.6398e+00 1.1558e+00 1.6628e+00
1.9953e+02 1.9953e+02 -6.0000e+00 2.4026e+00 1.3263e+00 9.1150e+00 3.2677e+00 9.1233e+00 3.2611e+00
1.9953e+02 1.9953e+02 -6.0000e+00 2.4946e+00 1.3465e+00 1.0000e+06 1.0000e+06 1.0479e+01 1.3202e+00
1.9953e+02 1.9953e+02 -6.0000e+00 3.8443e-01 1.1127e+00 1.2311e+00 1.2230e+00 2.2792e+00 1.2230e+00
1.9953e+02 1.9953e+02 -6.0000e+00 1.4031e+00 8.6783e-01 1.0171e+00 1.1727e+00 5.2844e+00 1.1727e+00
1.9953e+02 1.9953e+02 -6.0000e+00 1.9532e+00 1.2545e+00 1.0000e+06 1.0000e+06 9.8528e+00 2.3648e+00
2.2387e+02 2.2387e+02 -7.0000e+00 1.2734e+00 9.1451e-01 1.2979e+00 1.7702e+00 1.3657e+00 1.7710e+00
2.2387e+02 2.2387e+02 -7.0000e+00 1.7355e+00 1.4021e+00 1.3769e+00 2.3635e+00 1.1043e+01 2.3335e+00
2.2387e+02 2.2387e+02 -7.0000e+00 1.0999e+00 1.4990e+00 1.0811e+00 2.3645e+00 9.6290e-01 2.3620e+00
2.2387e+02 2.2387e+02 -7.0000e+00 3.1999e+00 1.9697e+00 1.2829e+01 2.3449e+00 1.2876e+01 2.3439e+00
2.5119e+02 2.5119e+02 -8.0000e+00 2.1052e+00 3.4749e+00 1.0000e+06 1.0000e+06 8.9340e+00 6.7285e+00
2.5119e+02 2.5119e+02 -8.0000e+00 2.7761e+00 1.6492e+00 1.7017e+00 2.5283e+00 1.0427e+01 2.5324e+00
2.5119e+02 2.5119e+02 -8.0000e+00 1.1556e+00 1.9063e+00 1.5360e+00 4.0091e+00 1.5498e+00 3.8930e+00
2.5119e+02 2.5119e+02 -8.0000e+00 9.2641e-01 3.2614e+00 1.4184e+00 5.3305e+00 1.8332e+00 5.2296e+00
2.5119e+02 2.5119e+02 -8.0000e+00 1.3752e+00 3.7286e+00 1.3013e+00 2.5684e+00 1.5636e+00 2.6229e+00
2.5119e+02 2.5119e+02 -8.0000e+00 5.7993e+00 2.2685e+01 3.1686e+01 1.2755e+01 3.4810e+01 7.9435e+00
2.5119e+02 2.5119e+02 -8.0000e+00 8.9194e-01 2.3133e+00 1.5092e+00 1.3734e+00 4.2538e+00 1.3734e+00
2.5119e+02 2.5119e+02 -8.0000e+00 1.0186e+00 1.3081e+00 1.4769e+00 2.7496e+00 1.7022e+00 2.7476e+00
2.5119e+02 2.5119e+02 -8.0000e+00 1.1395e+00 5.0808e+00 1.3804e+00 6.3195e+00 1.2944e+00 6.1834e+00
2.5119e+02 2.5119e+02 -8.0000e+00 1.2902e+00 2.1493e+00 1.5532e+00 2.4292e+00 1.6519e+00 2.4292e+00
2.8184e+02 2.8184e+02 -9.0000e+00 8.6535e+00 2.4022e+00 3.2420e+01 4.7344e+00 3.4879e+01 3.0983e+00
2.8184e+02 2.8184e+02 -9.0000e+00 3.6867e+00 2.2003e+00 2.1339e+00 2.9381e+00 1.3979e+01 3.0212e+00
2.8184e+02 2.8184e+02 -9.0000e+00 1.2558e+00 2.5830e+00 1.4583e+00 3.0439e+00 1.4022e+00 3.0578e+00
2.8184e+02 2.8184e+02 -9.0000e+00 1.5806e+00 2.2103e+00 1.7020e+00 2.5749e+00 1.7871e+00 2.5861e+00
2.8184e+02 2.8184e+02 -9.0000e+00 1.5476e+00 1.2097e+00 1.3098e+00 2.1986e+00 1.3383e+00 2.1985e+00
2.8184e+02 2.8184e+02 -9.0000e+00 4.1780e+00 1.9230e+00 1.0000e+06 1.0000e+06 1.6972e+01 3.5519e+00
2.8184e+02 2.8184e+02 -9.0000e+00 1.5363e+00 2.5270e+00 1.5238e+00 2.5667e+00 2.0875e+00 2.5818e+00
2.8184e+02 2.8184e+02 -9.0000e+00 8.6927e+00 8.6143e+00 2.7198e+01 8.0508e+00 2.8805e+01 5.5941e+00
2.8184e+02 2.8184e+02 -9.0000e+00 1.2482e+00 3.7953e+00 1.7803e+00 5.1393e+00 9.7935e+00 4.9526e+00
2.8184e+02 2.8184e+02 -9.0000e+00 1.4483e+00 2.7139e+00 1.3913e+00 2.8262e+00 1.4774e+00 2.8588e+00
3.1623e+02 3.1623e+02 -1.0000e+01 2.1114e+00 2.7582e+00 2.0995e+00 5.0850e+00 2.0279e+00 5.0646e+00
3.1623e+02 3.1623e+02 -1.0000e+01 1.1853e+00 3.3421e+00 1.8493e+00 4.0229e+00 1.2230e+01 3.9628e+00
3.1623e+02 3.1623e+02 -1.0000e+01 1.8370e+00 3.2937e+00 1.8155e+00 4.7654e+00 2.6607e+00 4.7802e+00
3.1623e+02 3.1623e+02 -1.0000e+01 2.3325e+00 5.2338e+00 1.7741e+01 7.4969e+00 1.7747e+01 7.4952e+00
3.1623e+02 3.1623e+02 -1.0000e+01 3.1839e+00 8.7241e+00 1.0000e+06 1.0000e+06 1.4221e+01 1.0243e+01
3.1623e+02 3.1623e+02 -1.0000e+01 2.5027e-01 2.5712e+00 2.2833e+00 2.7810e+00 1.0735e+01 3.0641e+00
3.1623e+02 3.1623e+02 -1.0000e+01 1.6188e+01 4.0279e+01 4.1697e+01 2.7554e+01 4.5651e+01 2.1662e+01
3.1623e+02 3.1623e+02 -1.0000e+01 1.0823e+01 1.0452e+01 4.5276e+01 1.0491e+01 4.8546e+01 5.5285e+00
3.1623e+02 3.1623e+02 -1.0000e+01 1.2565e+01 1.4213e+01 3.3026e+01 1.4387e+01 3.6626e+01 8.8132e+00
3.1623e+02 3.1623e+02 -1.0000e+01 6.3855e-01 3.8764e+00 2.7108e+00 4.0126e+00 1.8281e+01 4.4329e+00
3.5481e+02 3.5481e+02 -1.1000e+01 4.6234e+00 5.8656e+00 3.2688e+01 5.8120e+00 2.5968e+01 5.7278e+00
3.5481e+02 3.5481e+02 -1.1000e+01 1.7356e+00 3.2177e+00 1.8745e+00 4.9359e+00 4.0471e+00 4.8654e+00
3.5481e+02 3.5481e+02 -1.1000e+01 1.2357e+01 9.0220e+00 3.4076e+01 1.7434e+01 3.7285e+01 1.1334e+01
3.5481e+02 3.5481e+02 -1.1000e+01 5.2921e+00 3.8334e+00 2.8378e+00 7.5067e+00 1.7846e+01 7.2435e+00
3.5481e+02 3.5481e+02 -1.1000e+01 8.2506e-02 2.6140e+00 2.6692e+00 3.0898e+00 1.9686e+01 3.1998e+00
3.5481e+02 3.5481e+02 -1.1000e+01 7.9513e+00 4.0064e+00 2.9655e+01 6.9893e+00 3.0333e+01 6.4911e+00
3.5481e+02 3.5481e+02 -1.1000e+01 5.5602e-01 4.1204e+00 2.7186e+00 7.2988e+00 1.6586e+01 6.9414e+00
3.5481e+02 3.5481e+02 -1.1000e+01 1.8620e+00 5.1499e+00 3.1759e+00 6.6498e+00 2.2259e+01 6.6487e+00
3.5481e+02 3.5481e+02 -1.1000e+01 1.5380e+00 5.5314e+00 2.1494e+00 4.8067e+00 5.0371e+00 4.7779e+00
3.5481e+02 3.5481e+02 -1.1000e+01 2.5484e+00 5.1222e+00 1.0000e+06 1.0000e+06 8.4429e+00 4.0660e+00
3.9811e+02 3.9811e+02 -1.2000e+01 3.1989e+00 2.8001e+00 2.3338e+00 4.1831e+00 5.0408e+00 4.1887e+00
3.9811e+02 3.9811e+02 -1.2000e+01 2.5460e+00 2.4174e+00 2.0066e+00 4.9591e+00 4.5832e+00 4.9165e+00
3.9811e+02 3.9811e+02 -1.2000e+01 8.4817e+00 2.2548e+01 3.9273e+01 2.1293e+01 4.1643e+01 1.6251e+01
3.9811e+02 3.9811e+02 -1.2000e+01 2.9082e+00 1.5699e+01 2.5196e+01 1.9980e+01 4.0983e+01 1.4153e+01
3.9811e+02 3.9811e+02 -1.2000e+01 1.3081e+00 5.4200e+00 2.2090e+00 5.8183e+00 3.3126e+00 5.8157e+00
3.9811e+02 3.9811e+02 -1.2000e+01 2.1116e+00 5.0092e+00 2.7753e+00 7.6106e+00 1.8162e+01 7.2459e+00
3.9811e+02 3.9811e+02 -1.2000e+01 2.5346e+00 7.7239e+00 2.2119e+00 9.6431e+00 2.6445e+00 9.4842e+00
3.9811e+02 3.9811e+02 -1.2000e+01 1.8511e+00 4.9715e+00 3.3033e+00 5.7584e+00 2.5051e+01 5.6870e+00
3.9811e+02 3.9811e+02 -1.2000e+01 1.8985e+00 3.2805e+00 2.1527e+00 4.2467e+00 4.0164e+00 4.4273e+00
3.9811e+02 3.9811e+02 -1.2000e+01 1.9450e+00 6.0833e+00 2.3397e+00 5.9016e+00 2.0114e+00 5.9015e+00
4.4668e+02 4.4668e+02 -1.3000e+01 2.5769e+00 5.1491e+00 2.7296e+00 5.3015e+00 2.8314e+00 5.3510e+00
4.4668e+02 4.4668e+02 -1.3000e+01 8.5048e+00 1.4854e+01 3.9112e+00 1.5304e+01 3.5073e+01 1.5283e+01
4.4668e+02 4.4668e+02 -1.3000e+01 1.5240e+01 4.5964e+00 1.0000e+06 1.0000e+06 5.6139e+01 8.9927e+00
4.4668e+02 4.4668e+02 -1.3000e+01 3.7031e+00 3.4040e+00 2.4853e+00 6.1776e+00 1.0345e+01 6.1551e+00
4.4668e+02 4.4668e+02 -1.3000e+01 3.7502e+00 1.5928e+01 2.3761e+00 2.0093e+01 8.3625e+00 1.9723e+01
4.4668e+02 4.4668e+02 -1.3000e+01 1.5877e+00 1.3226e+01 2.4685e+00 1.4016e+01 2.9488e+00 1.3960e+01
4.4668e+02 4.4668e+02 -1.3000e+01 6.5545e-01 1.3656e+01 3.3997e+00 1.6081e+01 2.0761e+01 1.6170e+01
4.4668e+02 4.4668e+02 -1.3000e+01 2.6709e+00 7.3352e+00 2.7324e+00 1.1359e+01 3.2603e+00 1.1205e+01
4.4668e+02 4.4668e+02 -1.3000e+01 3.3032e+00 5.7593e+00 2.2479e+00 8.0276e+00 4.2831e+00 7.9673e+00
4.4668e+02 4.4668e+02 -1.3000e+01 6.4112e-01 5.5100e+00 3.2306e+00 5.1799e+00 2.1069e+01 5.2095e+00
5.0119e+02 5.0119e+02 -1.4000e+01 2.0940e+00 9.4077e+00 2.7192e+00 1.2588e+01 4.1008e+00 1.2581e+01
5.0119e+02 5.0119e+02 -1.4000e+01 9.6820e+00 7.7006e+00 4.3307e+00 7.5867e+00 4.3941e+01 7.4016e+00
5.0119e+02 5.0119e+02 -1.4000e+01 2.9940e+00 9.1514e+00 2.7516e+00 9.5448e+00 4.6088e+00 9.5116e+00
5.0119e+02 5.0119e+02 -1.4000e+01 4.1796e+00 6.5509e+01 3.4312e+00 6.1444e+01 6.3180e+00 6.1409e+01
5.0119e+02 5.0119e+02 -1.4000e+01 2.0248e+00 6.2359e+00 3.3091e+00 7.1830e+00 2.6188e+00 7.1493e+00
5.0119e+02 5.0119e+02 -1.4000e+01 6.6991e+00 2.2158e+01 3.5309e+00 2.3854e+01 2.6860e+01 2.3498e+01
5.0119e+02 5.0119e+02 -1.4000e+01 6.4841e+00 1.1671e+01 3.5931e+00 1.4867e+01 3.1298e+01 1.4926e+01
5.0119e+02 5.0119e+02 -1.4000e+01 9.7563e-01 3.0100e+00 3.0719e+00 7.0521e+00 6.5044e+00 6.9836e+00
5.0119e+02 5.0119e+02 -1.4000e+01 3.7679e+00 1.0902e+01 2.5662e+00 1.1998e+01 1.5136e+01 1.1898e+01
5.0119e+02 5.0119e+02 -1.4000e+01 5.0219e+00 1.2961e+01 3.6497e+00 1.3718e+01 2.6059e+01 1.3539e+01
5.6234e+02 5.6234e+02 -1.5000e+01 3.4058e+00 1.3752e+01 3.2615e+00 1.6452e+01 7.2146e+00 1.6193e+01
5.6234e+02 5.6234e+02 -1.5000e+01 4.3925e+00 2.5106e+01 3.4848e+00 2.7746e+01 3.1288e+01 2.7244e+01
5.6234e+02 5.6234e+02 -1.5000e+01 2.8119e+00 1.5468e+01 2.7076e+00 1.6114e+01 4.5458e+00 1.6106e+01
5.6234e+02 5.6234e+02 -1.5000e+01 8.1705e+00 1.4154e+01 4.6077e+00 1.3691e+01 3.4077e+01 1.3285e+01
5.6234e+02 5.6234e+02 -1.5000e+01 4.2728e+00 2.7061e+01 3.2264e+00 2.9016e+01 4.5925e+00 2.8743e+01
5.6234e+02 5.6234e+02 -1.5000e+01 3.1420e+00 2.4136e+01 3.2879e+00 2.1241e+01 3.4450e+00 2.1155e+01
5.6234e+02 5.6234e+02 -1.5000e+01 2.6061e+00 1.6067e+01 3.2377e+00 1.6989e+01 4.2064e+00 1.6932e+01
5.6234e+02 5.6234e+02 -1.5000e+01 3.6452e+00 1.1464e+01 1.0000e+06 1.0000e+06 4.5316e+01 1.4724e+01
5.6234e+02 5.6234e+02 -1.5000e+01 4.4243e+00 2.1152e+01 4.2438e+00 2.0425e+01 4.3007e+00 2.0412e+01
5.6234e+02 5.6234e+02 -1.5000e+01 1.3665e+01 3.6397e+01 5.5141e+01 3.0382e+01 5.5203e+01 3.0369e+01
6.3096e+02 6.3096e+02 -1.6000e+01 3.6284e+00 1.9597e+01 3.6494e+00 2.3560e+01 3.7868e+00 2.3346e+01
6.3096e+02 6.3096e+02 -1.6000e+01 1.3829e+00 1.1617e+01 4.4118e+00 1.5636e+01 1.1746e+01 1.5626e+01
6.3096e+02 6.3096e+02 -1.6000e+01 3.6801e+00 2.6146e+01 5.4506e+01 2.2046e+01 4.3121e+01 2.2430e+01
6.3096e+02 6.3096e+02 -1.6000e+01 7.0100e+00 2.4279e+01 1.0000e+06 1.0000e+06 2.2244e+01 2.5859e+01
6.3096e+02 6.3096e+02 -1.6000e+01 3.9503e+00 2.5576e+01 3.9943e+00 2.4815e+01 4.1667e+00 2.4636e+01
6.3096e+02 6.3096e+02 -1.6000e+01 1.3857e+00 2.4631e+01 3.6368e+00 2.6761e+01 1.5157e+01 2.6413e+01
6.3096e+02 6.3096e+02 -1.6000e+01 1.4548e+00 4.2350e+01 3.9930e+00 4.4604e+01 1.5556e+01 4.4489e+01
6.3096e+02 6.3096e+02 -1.6000e+01 7.0547e+00 2.0332e+01 4.2569e+00 2.2795e+01 2.4780e+01 2.1621e+01
6.3096e+02 6.3096e+02 -1.6000e+01 3.2403e+00 1.2024e+01 3.1913e+00 1.3472e+01 4.3607e+00 1.3358e+01
6.3096e+02 6.3096e+02 -1.6000e+01 3.8815e+00 2.2562e+01 3.3680e+00 2.4870e+01 5.4451e+00 2.4664e+01
7.0795e+02 7.0795e+02 -1.7000e+01 4.6154e+00 5.2980e+01 3.6870e+00 4.8409e+01 9.7008e+00 4.8210e+01
7.0795e+02 7.0795e+02 -1.7000e+01 1.1698e+01 2.1639e+02 1.0000e+06 9.9992e+05 7.1116e+01 1.5095e+02
7.0795e+02 7.0795e+02 -1.7000e+01 3.2268e+00 7.3989e+01 3.4692e+00 7.4314e+01 4.5905e+00 7.4083e+01
7.0795e+02 7.0795e+02 -1.7000e+01 7.5706e-01 5.0999e+01 1.0000e+06 9.9999e+05 4.8936e+01 4.0339e+01
7.0795e+02 7.0795e+02 -1.7000e+01 6.7421e+00 3.9638e+01 4.2232e+00 3.7241e+01 1.3778e+01 3.5738e+01
7.0795e+02 7.0795e+02 -1.7000e+01 6.1882e+00 3.4031e+01 4.2410e+00 3.4924e+01 9.8136e+00 3.4791e+01
7.0795e+02 7.0795e+02 -1.7000e+01 5.4428e+00 3.0261e+01 3.7492e+00 2.4869e+01 1.9351e+01 2.4643e+01
7.0795e+02 7.0795e+02 -1.7000e+01 1.0212e+01 6.4291e+01 8.6361e+01 5.6392e+01 7.4465e+01 5.5196e+01
7.0795e+02 7.0795e+02 -1.7000e+01 2.7387e+00 6.8095e+01 4.7585e+00 5.8396e+01 2.7138e+01 5.7543e+01
7.0795e+02 7.0795e+02 -1.7000e+01 5.3903e+00 7.6542e+01 4.7127e+00 7.8442e+01 9.2353e+00 7.7211e+01
7.9433e+02 7.9433e+02 -1.8000e+01 1.3572e+01 4.2527e+01 6.5077e+00 4.0815e+01 4.5048e+01 3.9746e+01
7.9433e+02 7.9433e+02 -1.8000e+01 6.5551e-01 4.3298e+01 6.1639e+00 4.2695e+01 5.5123e+01 4.2294e+01
7.9433e+02 7.9433e+02 -1.8000e+01 3.7044e+00 2.2453e+01 4.5497e+00 2.5779e+01 4.6492e+00 2.5797e+01
7.9433e+02 7.9433e+02 -1.8000e+01 4.8914e+00 3.1715e+01 3.8080e+00 3.0112e+01 6.3055e+00 2.9813e+01
7.9433e+02 7.9433e+02 -1.8000e+01 1.7118e+00 3.3144e+01 4.9328e+00 3.3395e+01 2.3255e+01 3.3063e+01
7.9433e+02 7.9433e+02 -1.8000e+01 5.7777e+00 3.2030e+02 7.2736e+01 2.5526e+02 7.5558e+01 2.5455e+02
7.9433e+02 7.9433e+02 -1.8000e+01 9.9440e+00 5.1824e+01 8.0561e+00 4.6519e+01 2.7184e+01 4.5730e+01
7.9433e+02 7.9433e+02 -1.8000e+01 1.2044e+00 6.0975e+01 5.9405e+00 6.5043e+01 4.0046e+01 6.4348e+01
7.9433e+02 7.9433e+02 -1.8000e+01 8.1971e+00 6.0083e+01 4.9161e+00 5.9611e+01 2.5091e+01 5.9003e+01
7.9433e+02 7.9433e+02 -1.8000e+01 8.0019e+00 6.9514e+01 7.6308e+01 5.6585e+01 7.4899e+01 5.6834e+01
8.9125e+02 8.9125e+02 -1.9000e+01 2.0075e+00 9.1465e+01 6.2529e+00 8.7969e+01 3.5175e+01 8.6796e+01
8.9125e+02 8.9125e+02 -1.9000e+01 5.6228e+00 6.0739e+01 5.0954e+00 6.5584e+01 5.4364e+00 6.5095e+01
8.9125e+02 8.9125e+02 -1.9000e+01 1.6342e+01 1.4387e+02 7.5628e+01 1.3527e+02 7.5755e+01 1.3523e+02
8.9125e+02 8.9125e+02 -1.9000e+01 1.1164e+01 1.8215e+02 6.4317e+00 1.5898e+02 4.5603e+01 1.5594e+02
8.9125e+02 8.9125e+02 -1.9000e+01 9.2411e+00 6.8236e+01 1.0000e+06 1.0000e+06 4.8718e+01 6.4279e+01
8.9125e+02 8.9125e+02 -1.9000e+01 8.7032e+00 3.3314e+02 1.0000e+06 9.9994e+05 2.8715e+01 2.7826e+02
8.9125e+02 8.9125e+02 -1.9000e+01 4.8789e+00 1.4031e+01 5.3177e+00 1.5950e+01 7.5706e+00 1.5954e+01
8.9125e+02 8.9125e+02 -1.9000e+01 8.4705e+00 6.3563e+01 5.6419e+00 6.5336e+01 2.0409e+01 6.4766e+01
8.9125e+02 8.9125e+02 -1.9000e+01 5.3271e+00 8.3714e+01 5.2100e+00 8.5677e+01 2.7147e+01 8.5632e+01
8.9125e+02 8.9125e+02 -1.9000e+01 8.3407e+00 4.5893e+01 6.1254e+00 4.9989e+01 3.8195e+01 4.9467e+01
1.0000e+03 1.0000e+03 -2.0000e+01 4.9026e+00 1.2627e+02 5.4870e+00 1.2429e+02 4.2207e+00 1.2422e+02
1.0000e+03 1.0000e+03 -2.0000e+01 4.2022e+00 2.2889e+02 6.0140e+00 2.3184e+02 4.2083e+00 2.3184e+02
1.0000e+03 1.0000e+03 -2.0000e+01 6.2203e+00 6.8259e+01 6.0153e+00 6.5908e+01 6.0184e+00 6.5520e+01
1.0000e+03 1.0000e+03 -2.0000e+01 1.1485e+01 7.0031e+01 7.4529e+00 7.1058e+01 6.4225e+01 7.0111e+01
1.0000e+03 1.0000e+03 -2.0000e+01 4.5960e+00 1.3617e+02 8.5244e+00 1.4371e+02 6.0186e+01 1.4427e+02
1.0000e+03 1.0000e+03 -2.0000e+01 4.5127e+00 5.6990e+01 6.9593e+00 5.3396e+01 4.1858e+01 5.2535e+01
1.0000e+03 1.0000e+03 -2.0000e+01 1.7654e+01 8.1756e+01 7.9135e+00 7.6736e+01 7.3245e+01 7.5771e+01
1.0000e+03 1.0000e+03 -2.0000e+01 3.1746e+00 6.6247e+01 5.2713e+00 6.8924e+01 1.0626e+01 6.8744e+01
1.0000e+03 1.0000e+03 -2.0000e+01 8.0330e+00 1.0125e+02 6.9101e+00 1.0270e+02 5.1203e+01 1.0088e+02
1.0000e+03 1.0000e+03 -2.0000e+01 5.3076e+00 6.0553e+01 5.7889e+00 6.9857e+01 5.7478e+00 6.9628e+01
