# noise_perc_th noise_perc SNR_dB SINDy_f1 SINDy_f2 Poly_f1 Poly_f2 Param_f1 Param_f2
1.0000e+00 9.8807e-01 4.0000e+01 2.0276e-01 8.1347e-02 1.9808e-01 8.1959e-02 8.9899e-04 1.6381e-04
1.0000e+00 9.7130e-01 4.0000e+01 2.0295e-01 8.2222e-02 1.9778e-01 8.1374e-02 1.9869e-04 6.2460e-04
1.0000e+00 9.6183e-01 4.0000e+01 2.0293e-01 8.1453e-02 1.9740e-01 7.9741e-02 6.9515e-04 3.2963e-05
1.0000e+00 1.0237e+00 4.0000e+01 2.0278e-01 8.1797e-02 1.9755e-01 8.1148e-02 1.8625e-04 8.3804e-05
1.0000e+00 9.9350e-01 4.0000e+01 2.0255e-01 8.1398e-02 1.9723e-01 8.0983e-02 8.9649e-04 6.7969e-04
1.0000e+00 9.8819e-01 4.0000e+01 2.0249e-01 8.1338e-02 1.9692e-01 8.0423e-02 8.9738e-04 4.4749e-06
1.0000e+00 9.8878e-01 4.0000e+01 2.0313e-01 8.2847e-02 1.9774e-01 8.1562e-02 3.1423e-04 4.4015e-04
1.0000e+00 9.7257e-01 4.0000e+01 2.0303e-01 8.1254e-02 1.9760e-01 8.0877e-02 2.3351e-04 5.6367e-04
1.0000e+00 1.0035e+00 4.0000e+01 2.0309e-01 8.1926e-02 1.9770e-01 8.1383e-02 7.3903e-04 2.4814e-05
1.0000e+00 9.8966e-01 4.0000e+01 2.0255e-01 8.2004e-02 1.9713e-01 8.1268e-02 1.0642e-03 4.0392e-04
1.1220e+00 1.1322e+00 3.9000e+01 2.0229e-01 8.0807e-02 1.9699e-01 8.0469e-02 7.7084e-04 9.2738e-05
1.1220e+00 1.1587e+00 3.9000e+01 2.0297e-01 8.1864e-02 1.9763e-01 8.0544e-02 1.2970e-03 2.2770e-04
1.1220e+00 1.1109e+00 3.9000e+01 2.0282e-01 8.1181e-02 1.9739e-01 8.0009e-02 3.9114e-04 2.1160e-04
1.1220e+00 1.0816e+00 3.9000e+01 2.0288e-01 8.2137e-02 1.9787e-01 8.2144e-02 5.7577e-04 3.0337e-05
1.1220e+00 1.1144e+00 3.9000e+01 2.0224e-01 8.0801e-02 1.9712e-01 8.0360e-02 3.9605e-04 3.8502e-05
1.1220e+00 1.0888e+00 3.9000e+01 2.0267e-01 8.0951e-02 1.9738e-01 8.0357e-02 1.0575e-03 9.2605e-05
1.1220e+00 1.1226e+00 3.9000e+01 2.0240e-01 8.0725e-02 1.9684e-01 7.9108e-02 1.5970e-03 3.6187e-04
1.1220e+00 1.1010e+00 3.9000e+01 2.0301e-01 8.2623e-02 1.9730e-01 8.1089e-02 8.5127e-04 1.6307e-04
1.1220e+00 1.1329e+00 3.9000e+01 2.0285e-01 8.1670e-02 1.9786e-01 8.1221e-02 9.0182e-04 1.4628e-04
1.1220e+00 1.1229e+00 3.9000e+01 2.0246e-01 8.0128e-02 1.9769e-01 8.1428e-02 5.8397e-04 3.2608e-04
1.2589e+00 1.2237e+00 3.8000e+01 2.0286e-01 8.1822e-02 1.9767e-01 8.1282e-02 1.4243e-03 1.5789e-04
1.2589e+00 1.3059e+00 3.8000e+01 2.0306e-01 8.3100e-02 1.9764e-01 8.1960e-02 4.0387e-04 2.6313e-04
1.2589e+00 1.2330e+00 3.8000e+01 2.0284e-01 8.2274e-02 1.9718e-01 8.0416e-02 8.7700e-04 2.2346e-04
1.2589e+00 1.2404e+00 3.8000e+01 2.0253e-01 8.1387e-02 1.9680e-01 7.9533e-02 1.9146e-03 1.0002e-04
1.2589e+00 1.2570e+00 3.8000e+01 2.0230e-01 7.9985e-02 1.9657e-01 7.8485e-02 5.4933e-04 4.9213e-04
1.2589e+00 1.2855e+00 3.8000e+01 2.0227e-01 8.0457e-02 1.9659e-01 7.9170e-02 5.8202e-04 4.2275e-04
1.2589e+00 1.2513e+00 3.8000e+01 2.0280e-01 8.1846e-02 1.9729e-01 8.1165e-02 6.0278e-04 7.1620e-05
1.2589e+00 1.2440e+00 3.8000e+01 2.0271e-01 8.1943e-02 1.9758e-01 8.2193e-02 1.6463e-03 6.7688e-05
1.2589e+00 1.2863e+00 3.8000e+01 2.0310e-01 8.3103e-02 1.9805e-01 8.3342e-02 1.5552e-03 1.1121e-04
1.2589e+00 1.2868e+00 3.8000e+01 2.0197e-01 7.8676e-02 1.9675e-01 7.7828e-02 5.5004e-04 1.4165e-04
1.4125e+00 1.3975e+00 3.7000e+01 2.0260e-01 8.1175e-02 1.9781e-01 8.1729e-02 1.5713e-03 2.0136e-04
1.4125e+00 1.4230e+00 3.7000e+01 2.0231e-01 8.1746e-02 1.9735e-01 8.1566e-02 2.0762e-03 5.6933e-05
1.4125e+00 1.4241e+00 3.7000e+01 2.0325e-01 8.2647e-02 1.9708e-01 7.8700e-02 1.0715e-03 4.7563e-04
1.4125e+00 1.4364e+00 3.7000e+01 2.0276e-01 8.1314e-02 1.9696e-01 7.9378e-02 8.0511e-04 7.7584e-05
1.4125e+00 1.4122e+00 3.7000e+01 2.0254e-01 7.8917e-02 1.9695e-01 7.8290e-02 3.3180e-04 3.6115e-04
1.4125e+00 1.3907e+00 3.7000e+01 2.0225e-01 7.8544e-02 1.9715e-01 7.8563e-02 1.7473e-04 6.3972e-04
1.4125e+00 1.4512e+00 3.7000e+01 2.0267e-01 8.0676e-02 1.9720e-01 7.9788e-02 1.2470e-03 6.5359e-04
1.4125e+00 1.4313e+00 3.7000e+01 2.0242e-01 7.9934e-02 1.9683e-01 7.9011e-02 1.5372e-03 2.2337e-04
1.4125e+00 1.3653e+00 3.7000e+01 2.0303e-01 8.2089e-02 1.9818e-01 8.1960e-02 1.2514e-03 3.2254e-04
1.4125e+00 1.3556e+00 3.7000e+01 2.0292e-01 8.3528e-02 1.9758e-01 8.2757e-02 3.3409e-04 2.5965e-04
1.5849e+00 1.5945e+00 3.6000e+01 2.0266e-01 8.1018e-02 1.9763e-01 7.9715e-02 1.8775e-03 9.3195e-04
1.5849e+00 1.5597e+00 3.6000e+01 2.0270e-01 8.0906e-02 1.9773e-01 8.1383e-02 1.3387e-03 7.4877e-04
1.5849e+00 1.6392e+00 3.6000e+01 2.0364e-01 8.4706e-02 1.9773e-01 8.1839e-02 1.0910e-03 3.8345e-04
1.5849e+00 1.5853e+00 3.6000e+01 2.0220e-01 8.0470e-02 1.9705e-01 8.0912e-02 7.9758e-04 3.7456e-04
1.5849e+00 1.5525e+00 3.6000e+01 2.0316e-01 8.3105e-02 1.9728e-01 8.0698e-02 9.0864e-04 1.4193e-04
1.5849e+00 1.6223e+00 3.6000e+01 2.0214e-01 7.8882e-02 1.9627e-01 7.7074e-02 1.6343e-03 6.5380e-05
1.5849e+00 1.5676e+00 3.6000e+01 2.0326e-01 8.3744e-02 1.9760e-01 8.1199e-02 8.1491e-04 4.3260e-04
1.5849e+00 1.6270e+00 3.6000e+01 2.0349e-01 8.3178e-02 1.9823e-01 8.1210e-02 1.9187e-03 1.3396e-04
1.5849e+00 1.5480e+00 3.6000e+01 2.0309e-01 8.1347e-02 1.9852e-01 8.1741e-02 5.3423e-04 5.1133e-04
1.5849e+00 1.5900e+00 3.6000e+01 2.0286e-01 8.0397e-02 1.9753e-01 7.9761e-02 2.6800e-04 5.0424e-04
1.7783e+00 1.7521e+00 3.5000e+01 2.0256e-01 8.0812e-02 1.9646e-01 7.8103e-02 1.3499e-03 5.4838e-04
1.7783e+00 1.7826e+00 3.5000e+01 2.0326e-01 8.2447e-02 1.9866e-01 8.3580e-02 8.3787e-04 3.4974e-04
1.7783e+00 1.7681e+00 3.5000e+01 2.0314e-01 7.9954e-02 1.9732e-01 7.7814e-02 2.2631e-03 9.4666e-04
1.7783e+00 1.8124e+00 3.5000e+01 2.0348e-01 8.4134e-02 1.9891e-01 8.4252e-02 7.9640e-04 2.1392e-04
1.7783e+00 1.7921e+00 3.5000e+01 2.0321e-01 8.2819e-02 1.9785e-01 8.2316e-02 1.1698e-03 1.6657e-04
1.7783e+00 1.7810e+00 3.5000e+01 2.0270e-01 8.1787e-02 1.9826e-01 8.2119e-02 1.5227e-03 5.1333e-04
1.7783e+00 1.7420e+00 3.5000e+01 2.0333e-01 8.5029e-02 1.9927e-01 8.6952e-02 9.6958e-04 2.3308e-04
1.7783e+00 1.7913e+00 3.5000e+01 2.0274e-01 8.1589e-02 1.9731e-01 7.9617e-02 2.3162e-04 1.5344e-04
1.7783e+00 1.7330e+00 3.5000e+01 2.0262e-01 8.1613e-02 1.9625e-01 7.8418e-02 1.0626e-03 6.1758e-04
1.7783e+00 1.6495e+00 3.5000e+01 2.0291e-01 8.2842e-02 1.9707e-01 8.0209e-02 1.1040e-03 5.3565e-04
1.9953e+00 1.9381e+00 3.4000e+01 2.0311e-01 8.1095e-02 1.9788e-01 7.9936e-02 9.5920e-04 4.6260e-04
1.9953e+00 1.9739e+00 3.4000e+01 2.0440e-01 8.5343e-02 2.0008e-01 8.5370e-02 2.2038e-03 1.4682e-04
1.9953e+00 2.0221e+00 3.4000e+01 2.0289e-01 8.2451e-02 1.9777e-01 8.3123e-02 1.1124e-03 6.7240e-04
1.9953e+00 2.0901e+00 3.4000e+01 2.0287e-01 8.0738e-02 1.9663e-01 7.8722e-02 1.5085e-03 4.9491e-04
1.9953e+00 1.9810e+00 3.4000e+01 2.0280e-01 7.9709e-02 1.9734e-01 7.8556e-02 4.2805e-04 2.7635e-04
1.9953e+00 1.9461e+00 3.4000e+01 2.0300e-01 8.1337e-02 1.9691e-01 7.8759e-02 1.2213e-03 9.5389e-05
1.9953e+00 2.0387e+00 3.4000e+01 2.0307e-01 7.9808e-02 1.9752e-01 7.8549e-02 6.6041e-04 1.4105e-04
1.9953e+00 2.0247e+00 3.4000e+01 2.0262e-01 8.1485e-02 1.9755e-01 8.1726e-02 1.6703e-03 7.7589e-05
1.9953e+00 1.9707e+00 3.4000e+01 2.0320e-01 8.0769e-02 1.9756e-01 7.8855e-02 5.7588e-04 9.0282e-04
1.9953e+00 1.9658e+00 3.4000e+01 2.0257e-01 7.9776e-02 1.9631e-01 7.7134e-02 1.0384e-03 1.5088e-04
2.2387e+00 2.1893e+00 3.3000e+01 2.0308e-01 8.3416e-02 1.9818e-01 8.3150e-02 1.1116e-03 3.3097e-04
2.2387e+00 2.2607e+00 3.3000e+01 2.0268e-01 8.0641e-02 1.9763e-01 7.9893e-02 1.6025e-03 1.1023e-03
2.2387e+00 2.2618e+00 3.3000e+01 2.0244e-01 8.2380e-02 1.9686e-01 8.2049e-02 1.0460e-03 6.1707e-04
2.2387e+00 2.2859e+00 3.3000e+01 2.0214e-01 8.0720e-02 1.9734e-01 8.1781e-02 1.3860e-03 4.1416e-04
2.2387e+00 2.2453e+00 3.3000e+01 2.0208e-01 8.1563e-02 1.9731e-01 8.2277e-02 1.0792e-03 6.6448e-04
2.2387e+00 2.1639e+00 3.3000e+01 2.0337e-01 8.1589e-02 1.9773e-01 8.0766e-02 7.5862e-04 2.9447e-04
2.2387e+00 2.2215e+00 3.3000e+01 2.0221e-01 7.9233e-02 1.9600e-01 7.7368e-02 3.9634e-04 6.4051e-04
2.2387e+00 2.2285e+00 3.3000e+01 2.0312e-01 8.1512e-02 1.9742e-01 8.0429e-02 1.9842e-03 3.2791e-04
2.2387e+00 2.2766e+00 3.3000e+01 2.0334e-01 8.0704e-02 1.9900e-01 8.3465e-02 6.8978e-04 5.6021e-04
2.2387e+00 2.1893e+00 3.3000e+01 2.0311e-01 8.2278e-02 1.9767e-01 8.1073e-02 5.0618e-04 4.1332e-04
2.5119e+00 2.5140e+00 3.2000e+01 2.0242e-01 8.0020e-02 1.9702e-01 8.0604e-02 1.3732e-03 1.7860e-04
2.5119e+00 2.4998e+00 3.2000e+01 2.0297e-01 8.1695e-02 1.9668e-01 8.0079e-02 1.3296e-03 2.0861e-04
2.5119e+00 2.4977e+00 3.2000e+01 2.0287e-01 8.2229e-02 1.9757e-01 8.2819e-02 6.1791e-04 1.1828e-03
2.5119e+00 2.5480e+00 3.2000e+01 2.0433e-01 8.5050e-02 1.9923e-01 8.3633e-02 7.5154e-04 3.5113e-04
2.5119e+00 2.5051e+00 3.2000e+01 2.0320e-01 8.4474e-02 1.9814e-01 8.4347e-02 1.4856e-03 4.8369e-05
2.5119e+00 2.4994e+00 3.2000e+01 2.0327e-01 8.4906e-02 1.9744e-01 8.1368e-02 9.6385e-04 4.7197e-04
2.5119e+00 2.5157e+00 3.2000e+01 2.0199e-01 8.0864e-02 1.9566e-01 7.7011e-02 1.5395e-03 1.8755e-04
2.5119e+00 2.5312e+00 3.2000e+01 2.0167e-01 7.9074e-02 1.9538e-01 7.6850e-02 1.2070e-03 1.5251e-03
2.5119e+00 2.5106e+00 3.2000e+01 2.0343e-01 8.0445e-02 1.9816e-01 7.9295e-02 3.1040e-03 1.1840e-03
2.5119e+00 2.5764e+00 3.2000e+01 2.0124e-01 7.9149e-02 1.9485e-01 7.6208e-02 3.1527e-03 1.7590e-03
2.8184e+00 2.8589e+00 3.1000e+01 2.0279e-01 8.1856e-02 1.9684e-01 7.8837e-02 3.6711e-03 4.6233e-04
2.8184e+00 2.8525e+00 3.1000e+01 2.0240e-01 8.0629e-02 1.9675e-01 7.9947e-02 1.5128e-03 1.8059e-03
2.8184e+00 2.8101e+00 3.1000e+01 2.0161e-01 7.5824e-02 1.9592e-01 7.4584e-02 6.2338e-04 1.0103e-03
2.8184e+00 2.7601e+00 3.1000e+01 2.0340e-01 8.5785e-02 1.9851e-01 8.6289e-02 1.3307e-03 9.1214e-04
2.8184e+00 2.7671e+00 3.1000e+01 2.0386e-01 8.4904e-02 1.9897e-01 8.4405e-02 9.1823e-04 1.4407e-03
2.8184e+00 2.7574e+00 3.1000e+01 2.0320e-01 8.2731e-02 1.9740e-01 8.0222e-02 2.3020e-03 1.3318e-04
2.8184e+00 2.7376e+00 3.1000e+01 2.0249e-01 8.0712e-02 1.9887e-01 8.2467e-02 3.3564e-03 9.2217e-04
2.8184e+00 2.9138e+00 3.1000e+01 2.0257e-01 8.2061e-02 1.9751e-01 8.3432e-02 7.8960e-04 1.0234e-03
2.8184e+00 2.7599e+00 3.1000e+01 2.0248e-01 8.0975e-02 1.9665e-01 7.9863e-02 6.9884e-04 1.2672e-03
2.8184e+00 2.7564e+00 3.1000e+01 2.0314e-01 8.4062e-02 1.9886e-01 8.4555e-02 5.7931e-04 6.8368e-04
3.1623e+00 3.3518e+00 3.0000e+01 2.0204e-01 7.8309e-02 1.9731e-01 7.9201e-02 3.0045e-03 2.4989e-05
3.1623e+00 3.1782e+00 3.0000e+01 2.0298e-01 7.9306e-02 1.9650e-01 7.5999e-02 2.2523e-03 6.6114e-04
3.1623e+00 3.1798e+00 3.0000e+01 2.0198e-01 7.8156e-02 1.9636e-01 7.7307e-02 1.3272e-03 4.3902e-04
3.1623e+00 3.1721e+00 3.0000e+01 2.0384e-01 8.1928e-02 2.0089e-01 8.7068e-02 3.2098e-03 1.7861e-03
3.1623e+00 3.0906e+00 3.0000e+01 2.0416e-01 8.5768e-02 1.9819e-01 8.3243e-02 2.1573e-03 4.2194e-04
3.1623e+00 3.1633e+00 3.0000e+01 2.0297e-01 8.2521e-02 1.9786e-01 8.1747e-02 6.7174e-04 1.3182e-03
3.1623e+00 3.0821e+00 3.0000e+01 2.0420e-01 8.2186e-02 1.9796e-01 8.1212e-02 2.1901e-03 1.0734e-03
3.1623e+00 3.2352e+00 3.0000e+01 2.0234e-01 8.2010e-02 1.9726e-01 8.1771e-02 4.3652e-04 1.1998e-04
3.1623e+00 3.0600e+00 3.0000e+01 2.0349e-01 8.2542e-02 1.9899e-01 8.3534e-02 8.0489e-04 2.9696e-04
3.1623e+00 3.1363e+00 3.0000e+01 2.0341e-01 8.3646e-02 1.9930e-01 8.5287e-02 8.1845e-04 1.1151e-03
3.5481e+00 3.5362e+00 2.9000e+01 2.0158e-01 8.0294e-02 1.9489e-01 7.9488e-02 3.6455e-04 3.6418e-04
3.5481e+00 3.4986e+00 2.9000e+01 2.0189e-01 7.9877e-02 1.9568e-01 7.7216e-02 1.9346e-03 6.0057e-04
3.5481e+00 3.5885e+00 2.9000e+01 2.0403e-01 8.1807e-02 1.9998e-01 8.3479e-02 2.1842e-03 2.0701e-03
3.5481e+00 3.5350e+00 2.9000e+01 2.0153e-01 7.6081e-02 1.9672e-01 7.7645e-02 2.2939e-03 8.5449e-04
3.5481e+00 3.6629e+00 2.9000e+01 2.0330e-01 8.3634e-02 1.9827e-01 8.3639e-02 2.2348e-03 1.0880e-03
3.5481e+00 3.6681e+00 2.9000e+01 2.0397e-01 8.6952e-02 1.9870e-01 8.6410e-02 1.9808e-03 8.7711e-05
3.5481e+00 3.4392e+00 2.9000e+01 2.0454e-01 8.6367e-02 1.9912e-01 8.5331e-02 1.8292e-03 6.3386e-04
3.5481e+00 3.5817e+00 2.9000e+01 2.0223e-01 7.8056e-02 1.9560e-01 7.4191e-02 2.0268e-03 2.1415e-03
3.5481e+00 3.5163e+00 2.9000e+01 2.0370e-01 8.2940e-02 1.9801e-01 8.1834e-02 9.9708e-04 3.6948e-04
3.5481e+00 3.5591e+00 2.9000e+01 2.0233e-01 7.8504e-02 1.9625e-01 7.7167e-02 1.8974e-03 1.1557e-03
3.9811e+00 4.0765e+00 2.8000e+01 2.0173e-01 8.0075e-02 1.9568e-01 7.7277e-02 1.2208e-03 1.1342e-03
3.9811e+00 3.9056e+00 2.8000e+01 2.0370e-01 8.6415e-02 1.9948e-01 8.6772e-02 5.2915e-03 1.0087e-03
3.9811e+00 3.9872e+00 2.8000e+01 2.0425e-01 8.2498e-02 1.9951e-01 8.0665e-02 9.8713e-04 7.4331e-04
3.9811e+00 3.9848e+00 2.8000e+01 2.0280e-01 8.0218e-02 1.9548e-01 7.6224e-02 2.6434e-03 2.8738e-04
3.9811e+00 3.9427e+00 2.8000e+01 2.0152e-01 7.9929e-02 1.9583e-01 8.0060e-02 2.1097e-03 1.6173e-03
3.9811e+00 3.9137e+00 2.8000e+01 2.0295e-01 8.0484e-02 1.9833e-01 8.2141e-02 1.7403e-03 4.6212e-04
3.9811e+00 3.8614e+00 2.8000e+01 2.0208e-01 7.9997e-02 1.9671e-01 7.9713e-02 2.9757e-03 1.6757e-03
3.9811e+00 3.9891e+00 2.8000e+01 2.0252e-01 8.1182e-02 1.9845e-01 8.3174e-02 2.6606e-03 1.6078e-03
3.9811e+00 4.0445e+00 2.8000e+01 2.0289e-01 8.4759e-02 1.9769e-01 8.2720e-02 5.5801e-03 1.9892e-04
3.9811e+00 4.2125e+00 2.8000e+01 2.0348e-01 8.6456e-02 1.9777e-01 8.2452e-02 1.7101e-03 1.0929e-03
4.4668e+00 4.4793e+00 2.7000e+01 2.0169e-01 7.9107e-02 1.9688e-01 7.8835e-02 2.1198e-03 8.9932e-04
4.4668e+00 4.3394e+00 2.7000e+01 2.0290e-01 8.2526e-02 1.9679e-01 8.0689e-02 2.0028e-03 9.7046e-04
4.4668e+00 4.4596e+00 2.7000e+01 2.0330e-01 8.3774e-02 2.0034e-01 8.8119e-02 2.0979e-03 1.0334e-03
4.4668e+00 4.3780e+00 2.7000e+01 2.0262e-01 8.3154e-02 1.9731e-01 8.4876e-02 5.3505e-03 1.4372e-03
4.4668e+00 4.3894e+00 2.7000e+01 2.0336e-01 8.3305e-02 1.9828e-01 8.1452e-02 2.6621e-03 2.1432e-04
4.4668e+00 4.2340e+00 2.7000e+01 2.0300e-01 8.1975e-02 1.9808e-01 8.1213e-02 3.7175e-03 6.8916e-04
4.4668e+00 4.4413e+00 2.7000e+01 2.0367e-01 7.7796e-02 1.9978e-01 8.2004e-02 1.4802e-03 1.8263e-03
4.4668e+00 4.3581e+00 2.7000e+01 2.0368e-01 8.2760e-02 1.9849e-01 8.2135e-02 1.6419e-03 1.7394e-03
4.4668e+00 4.5305e+00 2.7000e+01 2.0149e-01 7.3881e-02 1.9508e-01 7.0822e-02 3.1963e-03 5.6085e-04
4.4668e+00 4.4622e+00 2.7000e+01 2.0282e-01 8.4904e-02 1.9857e-01 8.3743e-02 3.9595e-03 1.1005e-03
5.0119e+00 4.9231e+00 2.6000e+01 2.0115e-01 7.9261e-02 1.9815e-01 8.1086e-02 4.5860e-03 5.9005e-04
5.0119e+00 4.9543e+00 2.6000e+01 2.0073e-01 7.5160e-02 1.9364e-01 7.2786e-02 4.5980e-03 1.3500e-03
5.0119e+00 5.1028e+00 2.6000e+01 2.0267e-01 7.9744e-02 1.9649e-01 7.7355e-02 1.9905e-03 9.3606e-04
5.0119e+00 5.1372e+00 2.6000e+01 2.0388e-01 8.7750e-02 2.0197e-01 9.4810e-02 1.9307e-03 2.1611e-03
5.0119e+00 4.9521e+00 2.6000e+01 2.0307e-01 8.1328e-02 2.0131e-01 8.8824e-02 4.4988e-03 8.2304e-04
5.0119e+00 4.8680e+00 2.6000e+01 2.0403e-01 8.5835e-02 1.9960e-01 8.5042e-02 9.8787e-04 3.1317e-03
5.0119e+00 4.8206e+00 2.6000e+01 2.0392e-01 8.1747e-02 1.9768e-01 7.7755e-02 3.4762e-03 1.6310e-04
5.0119e+00 5.1308e+00 2.6000e+01 2.0334e-01 8.3383e-02 1.9879e-01 8.3966e-02 9.4346e-04 4.1753e-04
5.0119e+00 4.9793e+00 2.6000e+01 2.0207e-01 8.1501e-02 1.9674e-01 8.2974e-02 4.4992e-03 3.4057e-03
5.0119e+00 4.9527e+00 2.6000e+01 2.0181e-01 8.1291e-02 1.9534e-01 8.0191e-02 4.4970e-03 2.3130e-05
5.0119e+00 4.9556e+00 2.6000e+01 2.0525e-01 8.9367e-02 1.9945e-01 8.5779e-02 1.5737e-03 2.2057e-03
5.0119e+00 4.8744e+00 2.6000e+01 2.0440e-01 8.0504e-02 1.9877e-01 8.2520e-02 1.1646e-03 2.8237e-03
5.0119e+00 5.0294e+00 2.6000e+01 2.0499e-01 8.4744e-02 1.9966e-01 8.6110e-02 3.6943e-03 1.2878e-04
5.0119e+00 4.9600e+00 2.6000e+01 2.0214e-01 8.4348e-02 1.9630e-01 8.4198e-02 5.3325e-03 2.0265e-03
5.6234e+00 5.6744e+00 2.5000e+01 2.0089e-01 7.8514e-02 1.9579e-01 8.0858e-02 3.8792e-03 4.6830e-04
5.6234e+00 5.8073e+00 2.5000e+01 2.0443e-01 8.3647e-02 1.9901e-01 8.0479e-02 6.4914e-03 1.1450e-03
5.6234e+00 5.5676e+00 2.5000e+01 2.0335e-01 8.0774e-02 1.9765e-01 7.9295e-02 1.9651e-03 1.0585e-03
5.6234e+00 5.4208e+00 2.5000e+01 2.0400e-01 8.5610e-02 2.0071e-01 8.9838e-02 2.8835e-03 1.4931e-04
5.6234e+00 5.5854e+00 2.5000e+01 2.0077e-01 7.9190e-02 1.9643e-01 8.0360e-02 2.0015e-03 1.9176e-04
5.6234e+00 5.4567e+00 2.5000e+01 2.0271e-01 7.9235e-02 1.9751e-01 7.9731e-02 5.3064e-03 4.6820e-04
5.6234e+00 5.6265e+00 2.5000e+01 2.0149e-01 7.8359e-02 1.9525e-01 7.4203e-02 7.9993e-03 1.8114e-03
5.6234e+00 5.5179e+00 2.5000e+01 2.0466e-01 8.7836e-02 1.9733e-01 8.3345e-02 4.2648e-03 8.1346e-04
5.6234e+00 5.6780e+00 2.5000e+01 2.0374e-01 8.3057e-02 2.0029e-01 8.4256e-02 4.5132e-03 7.3251e-04
5.6234e+00 5.6280e+00 2.5000e+01 2.0171e-01 7.5407e-02 1.9945e-01 8.7425e-02 2.9446e-03 1.6352e-03
6.3096e+00 6.1329e+00 2.4000e+01 2.0405e-01 8.4327e-02 1.9945e-01 8.5425e-02 7.1428e-03 7.9812e-04
6.3096e+00 6.5450e+00 2.4000e+01 2.0468e-01 9.0375e-02 1.9885e-01 8.8347e-02 2.0303e-03 1.3161e-03
6.3096e+00 6.1795e+00 2.4000e+01 2.0377e-01 8.6020e-02 1.9667e-01 8.0145e-02 4.3833e-03 1.1237e-03
6.3096e+00 6.2167e+00 2.4000e+01 2.0266e-01 8.1701e-02 1.9590e-01 7.7084e-02 9.5976e-03 5.0173e-04
6.3096e+00 6.3001e+00 2.4000e+01 2.0137e-01 7.5770e-02 1.9529e-01 7.6161e-02 2.7447e-03 2.4676e-03
6.3096e+00 6.4427e+00 2.4000e+01 2.0096e-01 7.7470e-02 1.9413e-01 7.4961e-02 2.9199e-03 2.1179e-03
6.3096e+00 6.2714e+00 2.4000e+01 2.0374e-01 8.5013e-02 1.9758e-01 8.5138e-02 2.9993e-03 3.6515e-04
6.3096e+00 6.2350e+00 2.4000e+01 2.0316e-01 8.4094e-02 1.9956e-01 9.0586e-02 8.2377e-03 3.3929e-04
6.3096e+00 6.4467e+00 2.4000e+01 2.0519e-01 9.1086e-02 2.0184e-01 9.7024e-02 7.7886e-03 5.5333e-04
6.3096e+00 6.4494e+00 2.4000e+01 2.0024e-01 7.1478e-02 1.9592e-01 7.2885e-02 2.7353e-03 7.1579e-04
7.0795e+00 7.0041e+00 2.3000e+01 2.0247e-01 8.0969e-02 2.0009e-01 8.9404e-02 7.8646e-03 1.0068e-03
7.0795e+00 7.1320e+00 2.3000e+01 2.0127e-01 8.3697e-02 1.9789e-01 8.6228e-02 1.0392e-02 2.8950e-04
7.0795e+00 7.1373e+00 2.3000e+01 2.0618e-01 8.9589e-02 1.9813e-01 7.7946e-02 5.3651e-03 2.3821e-03
7.0795e+00 7.1989e+00 2.3000e+01 2.0309e-01 8.1126e-02 1.9558e-01 7.5895e-02 4.0372e-03 3.8794e-04
7.0795e+00 7.0776e+00 2.3000e+01 2.0328e-01 7.1410e-02 1.9643e-01 7.1291e-02 1.6611e-03 1.8073e-03
7.0795e+00 6.9699e+00 2.3000e+01 2.0162e-01 7.0036e-02 1.9698e-01 7.2463e-02 9.0367e-04 3.2064e-03
7.0795e+00 7.2730e+00 2.3000e+01 2.0328e-01 7.9598e-02 1.9736e-01 7.9449e-02 6.2567e-03 3.2730e-03
7.0795e+00 7.1733e+00 2.3000e+01 2.0176e-01 7.4719e-02 1.9529e-01 7.4373e-02 7.7040e-03 1.1219e-03
7.0795e+00 6.8428e+00 2.3000e+01 2.0456e-01 8.5654e-02 2.0188e-01 8.8539e-02 6.2459e-03 1.6209e-03
7.0795e+00 6.7939e+00 2.3000e+01 2.0395e-01 9.2379e-02 1.9851e-01 9.1724e-02 1.6930e-03 1.3002e-03
7.9433e+00 7.9915e+00 2.2000e+01 2.0290e-01 7.9942e-02 1.9926e-01 7.7131e-02 9.4124e-03 4.6739e-03
7.9433e+00 7.8169e+00 2.2000e+01 2.0350e-01 8.0548e-02 2.0035e-01 9.0036e-02 6.6605e-03 3.7555e-03
7.9433e+00 8.2154e+00 2.2000e+01 2.0809e-01 1.0320e-01 1.9964e-01 8.9999e-02 5.4616e-03 1.9224e-03
7.9433e+00 7.9455e+00 2.2000e+01 2.0057e-01 7.8909e-02 1.9601e-01 8.4279e-02 4.0095e-03 1.8786e-03
7.9433e+00 7.7810e+00 2.2000e+01 2.0615e-01 9.0389e-02 1.9746e-01 8.3449e-02 4.5387e-03 7.0582e-04
7.9433e+00 8.1308e+00 2.2000e+01 2.0078e-01 7.0535e-02 1.9427e-01 7.2087e-02 8.1998e-03 3.2788e-04
7.9433e+00 7.8565e+00 2.2000e+01 2.0692e-01 9.5383e-02 1.9884e-01 8.4841e-02 4.1082e-03 2.1692e-03
7.9433e+00 8.1545e+00 2.2000e+01 2.0777e-01 9.1689e-02 2.0243e-01 8.4304e-02 9.6200e-03 6.7330e-04
7.9433e+00 7.7585e+00 2.2000e+01 2.0499e-01 8.1345e-02 2.0384e-01 8.7130e-02 2.6553e-03 2.5614e-03
7.9433e+00 7.9688e+00 2.2000e+01 2.0421e-01 7.7046e-02 1.9855e-01 7.6898e-02 1.3523e-03 2.5210e-03
8.9125e+00 8.8062e+00 2.1000e+01 2.0366e-01 8.1546e-02 2.0522e-01 9.7431e-02 8.0002e-03 1.4636e-03
8.9125e+00 8.6567e+00 2.1000e+01 2.0535e-01 8.9780e-02 2.0174e-01 8.9549e-02 1.7567e-03 5.5690e-03
8.9125e+00 8.5723e+00 2.1000e+01 2.0510e-01 8.2132e-02 1.9827e-01 7.8266e-02 6.1816e-03 2.9004e-04
8.9125e+00 9.1240e+00 2.1000e+01 2.0451e-01 8.5107e-02 2.0091e-01 8.7940e-02 1.6777e-03 7.4249e-04
8.9125e+00 8.8545e+00 2.1000e+01 2.0194e-01 8.1758e-02 1.9653e-01 8.5810e-02 8.0008e-03 6.0563e-03
8.9125e+00 8.8072e+00 2.1000e+01 2.0145e-01 8.1429e-02 1.9420e-01 8.0669e-02 7.9969e-03 4.1132e-05
8.9125e+00 8.8125e+00 2.1000e+01 2.0802e-01 9.6585e-02 2.0162e-01 9.0894e-02 2.7985e-03 3.9223e-03
8.9125e+00 8.6680e+00 2.1000e+01 2.0607e-01 7.9727e-02 2.0057e-01 8.5272e-02 2.0710e-03 5.0213e-03
8.9125e+00 8.9436e+00 2.1000e+01 2.0736e-01 8.8108e-02 2.0260e-01 9.3077e-02 6.5695e-03 2.2900e-04
8.9125e+00 8.8203e+00 2.1000e+01 2.0218e-01 8.6621e-02 1.9589e-01 8.7651e-02 9.4828e-03 3.6037e-03
1.0000e+01 1.0091e+01 2.0000e+01 2.0023e-01 7.6727e-02 1.9528e-01 8.2884e-02 6.8984e-03 8.3276e-04
1.0000e+01 1.0327e+01 2.0000e+01 2.0661e-01 8.5468e-02 2.0106e-01 8.1016e-02 1.1544e-02 2.0361e-03
1.0000e+01 9.9007e+00 2.0000e+01 2.0406e-01 8.1089e-02 1.9821e-01 8.0915e-02 3.4944e-03 1.8823e-03
1.0000e+01 9.6398e+00 2.0000e+01 2.0582e-01 8.9647e-02 2.0482e-01 9.9466e-02 5.1277e-03 2.6551e-04
1.0000e+01 9.9324e+00 2.0000e+01 2.0022e-01 7.9310e-02 1.9646e-01 8.2142e-02 3.5592e-03 3.4100e-04
8.9125e+00 8.8062e+00 2.1000e+01 2.0366e-01 8.1546e-02 2.0522e-01 9.7431e-02 8.0002e-03 1.4636e-03
8.9125e+00 8.6567e+00 2.1000e+01 2.0535e-01 8.9780e-02 2.0174e-01 8.9549e-02 1.7567e-03 5.5690e-03
8.9125e+00 8.5723e+00 2.1000e+01 2.0510e-01 8.2132e-02 1.9827e-01 7.8266e-02 6.1816e-03 2.9004e-04
8.9125e+00 9.1240e+00 2.1000e+01 2.0451e-01 8.5107e-02 2.0091e-01 8.7940e-02 1.6777e-03 7.4249e-04
8.9125e+00 8.8545e+00 2.1000e+01 2.0194e-01 8.1758e-02 1.9653e-01 8.5810e-02 8.0008e-03 6.0563e-03
8.9125e+00 8.8072e+00 2.1000e+01 2.0145e-01 8.1429e-02 1.9420e-01 8.0669e-02 7.9969e-03 4.1132e-05
8.9125e+00 8.8125e+00 2.1000e+01 2.0802e-01 9.6585e-02 2.0162e-01 9.0894e-02 2.7985e-03 3.9223e-03
8.9125e+00 8.6680e+00 2.1000e+01 2.0607e-01 7.9727e-02 2.0057e-01 8.5272e-02 2.0710e-03 5.0213e-03
8.9125e+00 8.9436e+00 2.1000e+01 2.0736e-01 8.8108e-02 2.0260e-01 9.3077e-02 6.5695e-03 2.2900e-04
8.9125e+00 8.8203e+00 2.1000e+01 2.0218e-01 8.6621e-02 1.9589e-01 8.7651e-02 9.4828e-03 3.6037e-03
1.0000e+01 1.0091e+01 2.0000e+01 2.0023e-01 7.6727e-02 1.9528e-01 8.2884e-02 6.8984e-03 8.3276e-04
1.0000e+01 1.0327e+01 2.0000e+01 2.0661e-01 8.5468e-02 2.0106e-01 8.1016e-02 1.1544e-02 2.0361e-03
1.0000e+01 9.9007e+00 2.0000e+01 2.0406e-01 8.1089e-02 1.9821e-01 8.0915e-02 3.4944e-03 1.8823e-03
1.0000e+01 9.6398e+00 2.0000e+01 2.0582e-01 8.9647e-02 2.0482e-01 9.9466e-02 5.1277e-03 2.6551e-04
1.0000e+01 9.9324e+00 2.0000e+01 2.0022e-01 7.9310e-02 1.9646e-01 8.2142e-02 3.5592e-03 3.4100e-04
1.0000e+01 9.8807e+00 2.0000e+01 2.0388e-01 8.1696e-02 2.0642e-01 1.0008e-01 8.9763e-03 1.6422e-03
1.0000e+01 9.7130e+00 2.0000e+01 2.0578e-01 9.0993e-02 2.0239e-01 9.0927e-02 1.9711e-03 6.2485e-03
1.0000e+01 9.6183e+00 2.0000e+01 2.0548e-01 8.2307e-02 1.9849e-01 7.8810e-02 6.9359e-03 3.2543e-04
1.0000e+01 1.0237e+01 2.0000e+01 2.0496e-01 8.5666e-02 2.0166e-01 8.9214e-02 1.8825e-03 8.3309e-04
1.0000e+01 9.9350e+00 2.0000e+01 2.0197e-01 8.1910e-02 1.9652e-01 8.6720e-02 8.9770e-03 6.7953e-03
1.0000e+01 9.8819e+00 2.0000e+01 2.0141e-01 8.1553e-02 1.9394e-01 8.0901e-02 8.9726e-03 4.6151e-05
1.0000e+01 9.8878e+00 2.0000e+01 2.0893e-01 9.8775e-02 2.0230e-01 9.2444e-02 3.1400e-03 4.4009e-03
1.0000e+01 9.7257e+00 2.0000e+01 2.0660e-01 7.9551e-02 2.0117e-01 8.6197e-02 2.3236e-03 5.6340e-03
1.0000e+01 1.0035e+01 2.0000e+01 2.0813e-01 8.9205e-02 2.0359e-01 9.5345e-02 7.3711e-03 2.5695e-04
1.0000e+01 9.8966e+00 2.0000e+01 2.0228e-01 8.7302e-02 1.9583e-01 8.8683e-02 1.0640e-02 4.0435e-03
1.1220e+01 1.1322e+01 1.9000e+01 2.0017e-01 7.6361e-02 1.9525e-01 8.3695e-02 7.7401e-03 9.3438e-04
1.1220e+01 1.1587e+01 1.9000e+01 2.0736e-01 8.6036e-02 2.0174e-01 8.1239e-02 1.2952e-02 2.2845e-03
1.1220e+01 1.1109e+01 1.9000e+01 2.0429e-01 8.1348e-02 1.9841e-01 8.1739e-02 3.9208e-03 2.1120e-03
1.1220e+01 1.0816e+01 1.9000e+01 2.0645e-01 9.0920e-02 2.0619e-01 1.0242e-01 5.7534e-03 2.9791e-04
1.1220e+01 1.1144e+01 1.9000e+01 2.0022e-01 7.9692e-02 1.9658e-01 8.2908e-02 3.9935e-03 3.8260e-04
1.1220e+01 1.0888e+01 1.9000e+01 2.0346e-01 7.7774e-02 1.9817e-01 8.0298e-02 1.0588e-02 9.3419e-04
1.1220e+01 1.1226e+01 1.9000e+01 2.0115e-01 7.6023e-02 1.9442e-01 7.0886e-02 1.5961e-02 3.6142e-03
1.1220e+01 1.1010e+01 1.9000e+01 2.0765e-01 9.4723e-02 1.9807e-01 8.7026e-02 8.5093e-03 1.6231e-03
1.1220e+01 1.1329e+01 1.9000e+01 2.0552e-01 8.5284e-02 2.0438e-01 8.9476e-02 9.0049e-03 1.4615e-03
1.1220e+01 1.1229e+01 1.9000e+01 2.0149e-01 7.0495e-02 2.0283e-01 9.9849e-02 5.8752e-03 3.2626e-03
1.2589e+01 1.2237e+01 1.8000e+01 2.0674e-01 8.8851e-02 2.0309e-01 9.3946e-02 1.4252e-02 1.5925e-03
1.2589e+01 1.3059e+01 1.8000e+01 2.0742e-01 1.0072e-01 2.0112e-01 9.9086e-02 4.0511e-03 2.6259e-03
1.2589e+01 1.2330e+01 1.8000e+01 2.0604e-01 9.1546e-02 1.9686e-01 8.1506e-02 8.7458e-03 2.2420e-03
1.2589e+01 1.2404e+01 1.8000e+01 2.0490e-01 8.3017e-02 1.9799e-01 7.8209e-02 1.9150e-02 1.0011e-03
1.2589e+01 1.2570e+01 1.8000e+01 2.0213e-01 7.4661e-02 1.9794e-01 8.6517e-02 5.4763e-03 4.9235e-03
1.2589e+01 1.2855e+01 1.8000e+01 2.0041e-01 7.5681e-02 1.9266e-01 7.3711e-02 5.8261e-03 4.2257e-03
1.2589e+01 1.2513e+01 1.8000e+01 2.0621e-01 9.1442e-02 1.9920e-01 9.3038e-02 5.9843e-03 7.2857e-04
1.2589e+01 1.2440e+01 1.8000e+01 2.0517e-01 8.7398e-02 2.0482e-01 1.0491e-01 1.6436e-02 6.7697e-04
1.2589e+01 1.2863e+01 1.8000e+01 2.0897e-01 1.0292e-01 2.0900e-01 1.1864e-01 1.5540e-02 1.1040e-03
1.2589e+01 1.2868e+01 1.8000e+01 2.0093e-01 7.2587e-02 1.9838e-01 8.0793e-02 5.4577e-03 1.4282e-03
1.4125e+01 1.3975e+01 1.7000e+01 2.0311e-01 8.2384e-02 2.0429e-01 1.0481e-01 1.5692e-02 2.0089e-03
1.4125e+01 1.4230e+01 1.7000e+01 2.0109e-01 8.6966e-02 2.0007e-01 9.3683e-02 2.0735e-02 5.7763e-04
1.4125e+01 1.4241e+01 1.7000e+01 2.1147e-01 1.0173e-01 2.0442e-01 9.2244e-02 1.0705e-02 4.7528e-03
1.4125e+01 1.4364e+01 1.7000e+01 2.0412e-01 8.1901e-02 1.9457e-01 7.5340e-02 8.0552e-03 7.7404e-04
1.4125e+01 1.4122e+01 1.7000e+01 2.0742e-01 6.9098e-02 1.9855e-01 6.8511e-02 3.3144e-03 3.6060e-03
1.4125e+01 1.3907e+01 1.7000e+01 2.0361e-01 6.8236e-02 1.9834e-01 6.9779e-02 1.8031e-03 6.3975e-03
1.4125e+01 1.4512e+01 1.7000e+01 2.0594e-01 8.2815e-02 1.9953e-01 8.5332e-02 1.2484e-02 6.5305e-03
1.4125e+01 1.4313e+01 1.7000e+01 2.0237e-01 7.1064e-02 1.9506e-01 7.3290e-02 1.5371e-02 2.2385e-03
1.4125e+01 1.3653e+01 1.7000e+01 2.0695e-01 9.1591e-02 2.0765e-01 9.9274e-02 1.2462e-02 3.2342e-03
1.4125e+01 1.3556e+01 1.7000e+01 2.0588e-01 1.0424e-01 2.0018e-01 1.0411e-01 3.3779e-03 2.5942e-03
1.5849e+01 1.5945e+01 1.6000e+01 2.0417e-01 8.0072e-02 2.0282e-01 7.7100e-02 1.8780e-02 9.3256e-03
1.5849e+01 1.5597e+01 1.6000e+01 2.0605e-01 8.3185e-02 2.0615e-01 1.1022e-01 1.3289e-02 7.4933e-03
1.5849e+01 1.6392e+01 1.6000e+01 2.1511e-01 1.3347e-01 2.0345e-01 1.0707e-01 1.0897e-02 3.8357e-03
1.5849e+01 1.5853e+01 1.6000e+01 1.9986e-01 8.2672e-02 1.9549e-01 9.2511e-02 8.0000e-03 3.7482e-03
1.5849e+01 1.5525e+01 1.6000e+01 2.1286e-01 1.0097e-01 1.9928e-01 9.2353e-02 9.0560e-03 1.4083e-03
1.5849e+01 1.6223e+01 1.6000e+01 2.0146e-01 6.6409e-02 1.9752e-01 8.7180e-02 1.6361e-02 6.5422e-04
1.5849e+01 1.5676e+01 1.6000e+01 2.1437e-01 1.1319e-01 2.0112e-01 9.2489e-02 8.1969e-03 4.3282e-03
1.5849e+01 1.6270e+01 1.6000e+01 2.1529e-01 1.0466e-01 2.0952e-01 9.0380e-02 1.9194e-02 1.3434e-03
1.5849e+01 1.5480e+01 1.6000e+01 2.0794e-01 8.1642e-02 2.1222e-01 9.5721e-02 5.2981e-03 5.1108e-03
1.5849e+01 1.5900e+01 1.6000e+01 2.0769e-01 7.5408e-02 2.0116e-01 7.5204e-02 2.6982e-03 5.0300e-03
1.7783e+01 1.7521e+01 1.5000e+01 2.0855e-01 8.3021e-02 2.0360e-01 8.0896e-02 1.3521e-02 5.4823e-03
1.7783e+01 1.7826e+01 1.5000e+01 2.1536e-01 1.0162e-01 2.2255e-01 1.2756e-01 8.3427e-03 3.4961e-03
1.7783e+01 1.7681e+01 1.5000e+01 2.1270e-01 8.0719e-02 2.0569e-01 8.7472e-02 2.2663e-02 9.4583e-03
1.7783e+01 1.8124e+01 1.5000e+01 2.1819e-01 1.1591e-01 2.2398e-01 1.2956e-01 7.9813e-03 2.1391e-03
1.7783e+01 1.7921e+01 1.5000e+01 2.1397e-01 1.0757e-01 2.0733e-01 1.0844e-01 1.1647e-02 1.6714e-03
1.7783e+01 1.7810e+01 1.5000e+01 2.0510e-01 8.6309e-02 2.1259e-01 1.0290e-01 1.5215e-02 5.1151e-03
1.7783e+01 1.7420e+01 1.5000e+01 2.1668e-01 1.2865e-01 2.3793e-01 1.7713e-01 9.7594e-03 2.3341e-03
1.7783e+01 1.7913e+01 1.5000e+01 2.0551e-01 8.5385e-02 1.9982e-01 7.7684e-02 2.3703e-03 1.5373e-03
1.7783e+01 1.7330e+01 1.5000e+01 2.0444e-01 8.8290e-02 1.9824e-01 1.0752e-01 1.0635e-02 6.1760e-03
1.7783e+01 1.6495e+01 1.5000e+01 2.0767e-01 9.8192e-02 2.0130e-01 9.5780e-02 1.1008e-02 5.3584e-03
1.9953e+01 1.9381e+01 1.4000e+01 2.0873e-01 8.2384e-02 2.0433e-01 7.9741e-02 9.5764e-03 4.6263e-03
1.9953e+01 1.9739e+01 1.4000e+01 2.3134e-01 1.3235e-01 2.4234e-01 1.4419e-01 2.2191e-02 1.4661e-03
1.9953e+01 2.0221e+01 1.4000e+01 2.0730e-01 9.3973e-02 2.1133e-01 1.2403e-01 1.1097e-02 6.7214e-03
1.9953e+01 2.0901e+01 1.4000e+01 2.0613e-01 7.9849e-02 1.9422e-01 8.4207e-02 1.5024e-02 4.9519e-03
1.9953e+01 1.9810e+01 1.4000e+01 2.0618e-01 7.5623e-02 2.0093e-01 7.2704e-02 4.2942e-03 2.7597e-03
1.9953e+01 1.9461e+01 1.4000e+01 2.1117e-01 8.7931e-02 1.9894e-01 8.2687e-02 1.2144e-02 9.5309e-04
1.9953e+01 2.0387e+01 1.4000e+01 2.0978e-01 7.3171e-02 2.0134e-01 6.8919e-02 6.5918e-03 1.4108e-03
1.9953e+01 2.0247e+01 1.4000e+01 2.0441e-01 9.2707e-02 2.0085e-01 1.0042e-01 1.6682e-02 7.6672e-04
1.9953e+01 1.9707e+01 1.4000e+01 2.0994e-01 8.0893e-02 2.0115e-01 6.9632e-02 5.7569e-03 9.0247e-03
1.9953e+01 1.9658e+01 1.4000e+01 2.0941e-01 7.4890e-02 2.0706e-01 1.0940e-01 1.0404e-02 1.5240e-03
2.2387e+01 2.1893e+01 1.3000e+01 2.1276e-01 1.0712e-01 2.1470e-01 1.1963e-01 1.0995e-02 3.3071e-03
2.2387e+01 2.2607e+01 1.3000e+01 2.0665e-01 8.0090e-02 2.0303e-01 7.9697e-02 1.6077e-02 1.1022e-02
2.2387e+01 2.2618e+01 1.3000e+01 2.0865e-01 1.0571e-01 2.0141e-01 1.0757e-01 1.0403e-02 6.1640e-03
2.2387e+01 2.2859e+01 1.3000e+01 2.0409e-01 8.3756e-02 2.0257e-01 1.1991e-01 1.3908e-02 4.1381e-03
2.2387e+01 2.2453e+01 1.3000e+01 2.0197e-01 8.9556e-02 2.0578e-01 1.1000e-01 1.0792e-02 6.6438e-03
2.2387e+01 2.1639e+01 1.3000e+01 2.1505e-01 8.9322e-02 2.0692e-01 8.9195e-02 7.5096e-03 2.9396e-03
2.5119e+01 2.4819e+01 1.2000e+01 2.0892e-01 8.7310e-02 2.2800e-01 1.4413e-01 2.2548e-02 4.1250e-03
2.5119e+01 2.4398e+01 1.2000e+01 2.1362e-01 1.1163e-01 2.1387e-01 1.1424e-01 4.9511e-03 1.5696e-02
2.5119e+01 2.4160e+01 1.2000e+01 2.1214e-01 8.7349e-02 2.0370e-01 1.0124e-01 1.7422e-02 8.1745e-04
2.5119e+01 2.5715e+01 1.2000e+01 2.1552e-01 9.6290e-02 2.1828e-01 1.1265e-01 4.7285e-03 2.0926e-03
2.5119e+01 2.4955e+01 1.2000e+01 2.0487e-01 8.7142e-02 1.9809e-01 1.0375e-01 2.2549e-02 1.7069e-02
2.8184e+01 2.7848e+01 1.1000e+01 2.1029e-01 8.9170e-02 2.3334e-01 1.5409e-01 2.5299e-02 4.6283e-03
2.8184e+01 2.7375e+01 1.1000e+01 2.1552e-01 1.1645e-01 2.1671e-01 1.1967e-01 5.5552e-03 1.7611e-02
2.8184e+01 2.7108e+01 1.1000e+01 2.1371e-01 8.8892e-02 2.0525e-01 1.0824e-01 1.9548e-02 9.1719e-04
2.8184e+01 2.8853e+01 1.1000e+01 2.1852e-01 9.8954e-02 2.2295e-01 1.1837e-01 5.3055e-03 2.3480e-03
2.8184e+01 2.8001e+01 1.1000e+01 2.0590e-01 8.8819e-02 1.9881e-01 1.0799e-01 2.5301e-02 1.9152e-02
2.8184e+01 2.7851e+01 1.1000e+01 2.0388e-01 8.8515e-02 1.9390e-01 9.0548e-02 2.5288e-02 1.3007e-04
2.8184e+01 2.7868e+01 1.1000e+01 2.3114e-01 1.4266e-01 2.1835e-01 1.2404e-01 8.8497e-03 1.2403e-02
2.8184e+01 2.7411e+01 1.1000e+01 2.1842e-01 7.9030e-02 2.1735e-01 1.0963e-01 6.5489e-03 1.5879e-02
2.8184e+01 2.8282e+01 1.1000e+01 2.2621e-01 1.1495e-01 2.2994e-01 1.4612e-01 2.0775e-02 7.2417e-04
2.8184e+01 2.7892e+01 1.1000e+01 2.0860e-01 1.0089e-01 1.9892e-01 1.0943e-01 2.9987e-02 1.1396e-02
3.1623e+01 3.1910e+01 1.0000e+01 2.0564e-01 7.8336e-02 2.0164e-01 1.0963e-01 2.1815e-02 2.6334e-03
3.1623e+01 3.2657e+01 1.0000e+01 2.2663e-01 9.8423e-02 2.1986e-01 8.9266e-02 3.6504e-02 6.4386e-03
3.1623e+01 3.1309e+01 1.0000e+01 2.0945e-01 9.5162e-02 2.0470e-01 1.1364e-01 1.1050e-02 5.9525e-03
3.1623e+01 3.0484e+01 1.0000e+01 2.2337e-01 1.1878e-01 2.4119e-01 1.6198e-01 1.6215e-02 8.3963e-04
3.1623e+01 3.1409e+01 1.0000e+01 2.0905e-01 1.0416e-01 2.0580e-01 1.0931e-01 1.1255e-02 1.0783e-03
3.1623e+01 3.0685e+01 1.0000e+01 2.1179e-01 8.1883e-02 2.0447e-01 9.1837e-02 2.9840e-02 2.6329e-03
3.1623e+01 3.1640e+01 1.0000e+01 2.0644e-01 7.7639e-02 2.0184e-01 8.5142e-02 4.4983e-02 1.0186e-02
3.5481e+01 3.5058e+01 9.0000e+00 2.1399e-01 9.4462e-02 2.4713e-01 1.7857e-01 3.1849e-02 5.8267e-03
3.5481e+01 3.4463e+01 9.0000e+00 2.2035e-01 1.2851e-01 2.2408e-01 1.3326e-01 6.9936e-03 2.2171e-02
3.5481e+01 3.4127e+01 9.0000e+00 2.1766e-01 9.3179e-02 2.0954e-01 1.2684e-01 2.4609e-02 1.1547e-03
3.5481e+01 3.6323e+01 9.0000e+00 2.2665e-01 1.0581e-01 2.3553e-01 1.3285e-01 6.6792e-03 2.9559e-03
3.5481e+01 3.5251e+01 9.0000e+00 2.0884e-01 9.3514e-02 2.0107e-01 1.1887e-01 3.1852e-02 2.4111e-02
3.5481e+01 3.5062e+01 9.0000e+00 2.0610e-01 9.3589e-02 1.9612e-01 9.6999e-02 3.1836e-02 1.6375e-04
3.5481e+01 3.5083e+01 9.0000e+00 2.4293e-01 1.6248e-01 2.2698e-01 1.3870e-01 1.1141e-02 1.5615e-02
3.5481e+01 3.4508e+01 9.0000e+00 2.2426e-01 8.0032e-02 2.2674e-01 1.2202e-01 8.2446e-03 1.9990e-02
3.5481e+01 3.5605e+01 9.0000e+00 2.3568e-01 1.2784e-01 2.4483e-01 1.7025e-01 2.6154e-02 9.1168e-04
3.5481e+01 3.5114e+01 9.0000e+00 2.1310e-01 1.0716e-01 2.0221e-01 1.1912e-01 3.7752e-02 1.4347e-02
3.9811e+01 4.0172e+01 8.0000e+00 2.1077e-01 8.2948e-02 2.0769e-01 1.2447e-01 2.7463e-02 3.3153e-03
3.9811e+01 4.1112e+01 8.0000e+00 2.3711e-01 1.0448e-01 2.3025e-01 9.4468e-02 4.5956e-02 8.1057e-03
3.9811e+01 3.9415e+01 8.0000e+00 2.1186e-01 1.0473e-01 2.0871e-01 1.3241e-01 1.3912e-02 7.4937e-03
3.9811e+01 3.8377e+01 8.0000e+00 2.3300e-01 1.3233e-01 2.6035e-01 1.8872e-01 2.0414e-02 1.0570e-03
3.9811e+01 3.9542e+01 8.0000e+00 2.1662e-01 1.2023e-01 2.1302e-01 1.2472e-01 1.4169e-02 1.3575e-03
3.9811e+01 3.8631e+01 8.0000e+00 2.1692e-01 8.7067e-02 2.0863e-01 9.9808e-02 3.7566e-02 3.3146e-03
3.9811e+01 3.9833e+01 8.0000e+00 2.1086e-01 8.2318e-02 2.0914e-01 9.9487e-02 5.6630e-02 1.2824e-02
3.9811e+01 3.9064e+01 8.0000e+00 2.3655e-01 1.3852e-01 2.1287e-01 1.1424e-01 3.0192e-02 5.7588e-03
3.9811e+01 4.0197e+01 8.0000e+00 2.2304e-01 1.0761e-01 2.4051e-01 1.3000e-01 3.1951e-02 5.1857e-03
3.9811e+01 3.9843e+01 8.0000e+00 2.1069e-01 7.4109e-02 2.3696e-01 1.9946e-01 2.0846e-02 1.1576e-02
4.4668e+01 4.3418e+01 7.0000e+00 2.3686e-01 1.3186e-01 2.4182e-01 1.6582e-01 5.0567e-02 5.6503e-03
4.4668e+01 4.6335e+01 7.0000e+00 2.2935e-01 1.6687e-01 2.2329e-01 1.7503e-01 1.4374e-02 9.3171e-03
4.4668e+01 4.3747e+01 7.0000e+00 2.3214e-01 1.3183e-01 2.1043e-01 1.0865e-01 3.1031e-02 7.9549e-03
4.4668e+01 4.4011e+01 7.0000e+00 2.4457e-01 1.0669e-01 2.5462e-01 1.3341e-01 6.7946e-02 3.5520e-03
4.4668e+01 4.4601e+01 7.0000e+00 2.3249e-01 1.2812e-01 2.7040e-01 2.2929e-01 1.9431e-02 1.7469e-02
4.4668e+01 4.5610e+01 7.0000e+00 2.1265e-01 1.0311e-01 2.1160e-01 1.2109e-01 2.0672e-02 1.4994e-02
4.4668e+01 4.4398e+01 7.0000e+00 2.3602e-01 1.5334e-01 2.2669e-01 1.5996e-01 2.1233e-02 2.5850e-03
4.4668e+01 4.4140e+01 7.0000e+00 2.3467e-01 1.1587e-01 2.6876e-01 2.0465e-01 5.8318e-02 2.4020e-03
4.4668e+01 4.5639e+01 7.0000e+00 2.4287e-01 1.8157e-01 2.7688e-01 2.5448e-01 5.5139e-02 3.9173e-03
4.4668e+01 4.5658e+01 7.0000e+00 2.4525e-01 1.8240e-01 2.6080e-01 2.2243e-01 1.9365e-02 5.0674e-03
5.0119e+01 4.9585e+01 6.0000e+00 2.1486e-01 1.1550e-01 2.4465e-01 2.2165e-01 5.5677e-02 7.1278e-03
5.0119e+01 5.0491e+01 6.0000e+00 2.1409e-01 1.1742e-01 2.3341e-01 1.4644e-01 7.3571e-02 2.0495e-03
5.0119e+01 5.0528e+01 6.0000e+00 2.5770e-01 1.9325e-01 2.9871e-01 2.5459e-01 3.7982e-02 1.6864e-02
5.0119e+01 5.0964e+01 6.0000e+00 2.1415e-01 1.0262e-01 2.0097e-01 1.2177e-01 2.8581e-02 2.7464e-03
5.0119e+01 5.0105e+01 6.0000e+00 2.6769e-01 1.4860e-01 2.4926e-01 1.3433e-01 1.1760e-02 1.2795e-02
5.6234e+01 5.5563e+01 5.0000e+00 2.2773e-01 1.1494e-01 2.9287e-01 2.5160e-01 5.0478e-02 9.2346e-03
5.6234e+01 5.4620e+01 5.0000e+00 2.3623e-01 1.6599e-01 2.4917e-01 1.7515e-01 1.1084e-02 3.5138e-02
5.6234e+01 5.4087e+01 5.0000e+00 2.3060e-01 1.0935e-01 2.2611e-01 1.8788e-01 3.9003e-02 1.8300e-03
5.6234e+01 5.7568e+01 5.0000e+00 2.5649e-01 1.2824e-01 2.8032e-01 1.7826e-01 1.0586e-02 4.6848e-03
5.6234e+01 5.5868e+01 5.0000e+00 2.2091e-01 1.1123e-01 2.1141e-01 1.5385e-01 5.0482e-02 3.8213e-02
5.6234e+01 5.5570e+01 5.0000e+00 2.1580e-01 1.1336e-01 2.0889e-01 1.2066e-01 5.0457e-02 2.5953e-04
5.6234e+01 5.5603e+01 5.0000e+00 2.8273e-01 2.2161e-01 2.5694e-01 1.8347e-01 1.7658e-02 2.4748e-02
5.6234e+01 5.4691e+01 5.0000e+00 2.4356e-01 8.6451e-02 2.6038e-01 1.6205e-01 1.3067e-02 3.1682e-02
5.6234e+01 5.6430e+01 5.0000e+00 2.6777e-01 1.6840e-01 2.9637e-01 2.4329e-01 4.1451e-02 1.4449e-03
5.6234e+01 5.5653e+01 5.0000e+00 2.3103e-01 1.2655e-01 2.1735e-01 1.4921e-01 5.9832e-02 2.2738e-02
6.3096e+01 6.3668e+01 4.0000e+00 2.3351e-01 1.0453e-01 2.3398e-01 1.7306e-01 4.3526e-02 5.2544e-03
6.3096e+01 6.5159e+01 4.0000e+00 2.7340e-01 1.2391e-01 2.6711e-01 1.1364e-01 7.2835e-02 1.2847e-02
6.3096e+01 6.2469e+01 4.0000e+00 2.2005e-01 1.3945e-01 2.2421e-01 1.9312e-01 2.2048e-02 1.1877e-02
6.3096e+01 6.0823e+01 4.0000e+00 2.6773e-01 1.7484e-01 3.2482e-01 2.6804e-01 3.2354e-02 1.6753e-03
6.3096e+01 6.2669e+01 4.0000e+00 2.4849e-01 1.7393e-01 2.4251e-01 1.7528e-01 2.2457e-02 2.1515e-03
6.3096e+01 6.1225e+01 4.0000e+00 2.3625e-01 1.0932e-01 2.2497e-01 1.2882e-01 5.9538e-02 5.2533e-03
6.3096e+01 6.3131e+01 4.0000e+00 2.2988e-01 1.0441e-01 2.4075e-01 1.5141e-01 8.9753e-02 2.0324e-02
6.3096e+01 6.1912e+01 4.0000e+00 2.7071e-01 1.7898e-01 2.3649e-01 1.4255e-01 4.7852e-02 9.1272e-03
6.3096e+01 6.3709e+01 4.0000e+00 2.4518e-01 1.3431e-01 2.8343e-01 1.7148e-01 5.0638e-02 8.2188e-03
6.3096e+01 6.3147e+01 4.0000e+00 2.2764e-01 1.0576e-01 2.7992e-01 2.9364e-01 3.3039e-02 1.8347e-02
7.0795e+01 6.8813e+01 3.0000e+00 2.7523e-01 1.7758e-01 2.9079e-01 2.3691e-01 8.0143e-02 8.9551e-03
7.0795e+01 7.3436e+01 3.0000e+00 2.5349e-01 2.2607e-01 2.5184e-01 2.4620e-01 2.2781e-02 1.4767e-02
7.0795e+01 6.9335e+01 3.0000e+00 2.6639e-01 1.7100e-01 2.3485e-01 1.4492e-01 4.9181e-02 1.2608e-02
7.0795e+01 6.9753e+01 3.0000e+00 2.9927e-01 1.3764e-01 3.3497e-01 2.0161e-01 1.0769e-01 5.6295e-03
7.0795e+01 7.0688e+01 3.0000e+00 2.7962e-01 1.9980e-01 3.6894e-01 3.6658e-01 3.0796e-02 2.7687e-02
7.0795e+01 7.2288e+01 3.0000e+00 2.3811e-01 1.5017e-01 2.5310e-01 1.8644e-01 3.2762e-02 2.3763e-02
7.0795e+01 7.0367e+01 3.0000e+00 2.7532e-01 2.1862e-01 2.6711e-01 2.2675e-01 3.3652e-02 4.0970e-03
7.0795e+01 6.9958e+01 3.0000e+00 2.7432e-01 1.4700e-01 3.4769e-01 2.9581e-01 9.2428e-02 3.8069e-03
7.0795e+01 7.2333e+01 3.0000e+00 2.8342e-01 2.5360e-01 3.5455e-01 3.7314e-01 8.7390e-02 6.2085e-03
7.0795e+01 7.2364e+01 3.0000e+00 3.1437e-01 3.0021e-01 3.4735e-01 3.6036e-01 3.0691e-02 8.0313e-03
7.9433e+01 7.8588e+01 2.0000e+00 2.3188e-01 1.5866e-01 2.9373e-01 3.2931e-01 8.8242e-02 1.1297e-02
7.9433e+01 8.0023e+01 2.0000e+00 2.3959e-01 1.5247e-01 2.8043e-01 1.9735e-01 1.1660e-01 3.2482e-03
7.9433e+01 8.0082e+01 2.0000e+00 3.0956e-01 2.7784e-01 4.1292e-01 4.0607e-01 6.0197e-02 2.6727e-02
7.9433e+01 8.0773e+01 2.0000e+00 2.2717e-01 1.3177e-01 2.1924e-01 1.8471e-01 4.5298e-02 4.3528e-03
7.9433e+01 7.9412e+01 2.0000e+00 3.4456e-01 2.4419e-01 3.2160e-01 2.1879e-01 1.8638e-02 2.0278e-02
7.9433e+01 7.8204e+01 2.0000e+00 3.2285e-01 2.7652e-01 2.7680e-01 2.0119e-01 1.0139e-02 3.5976e-02
7.9433e+01 8.1604e+01 2.0000e+00 2.9391e-01 2.2890e-01 2.9706e-01 2.6347e-01 7.0201e-02 3.6724e-02
7.9433e+01 8.0485e+01 2.0000e+00 2.5953e-01 1.6720e-01 2.6649e-01 2.0079e-01 8.6440e-02 1.2588e-02
7.9433e+01 7.6777e+01 2.0000e+00 2.4195e-01 1.9146e-01 3.0256e-01 2.4339e-01 7.0080e-02 1.8187e-02
7.9433e+01 7.6229e+01 2.0000e+00 2.4070e-01 2.3499e-01 2.3617e-01 2.3718e-01 1.8995e-02 1.4588e-02
8.9125e+01 8.9666e+01 1.0000e+00 2.4865e-01 1.4537e-01 2.9332e-01 1.7308e-01 1.0561e-01 5.2442e-02
8.9125e+01 8.7707e+01 1.0000e+00 2.7790e-01 1.9610e-01 3.4602e-01 4.0485e-01 7.4732e-02 4.2138e-02
8.9125e+01 9.2178e+01 1.0000e+00 3.1743e-01 4.8261e-01 2.9155e-01 3.5353e-01 6.1280e-02 2.1570e-02
8.9125e+01 8.9150e+01 1.0000e+00 2.3916e-01 2.5257e-01 2.2643e-01 2.4678e-01 4.4988e-02 2.1078e-02
8.9125e+01 8.7304e+01 1.0000e+00 3.6062e-01 2.3301e-01 2.7944e-01 2.7145e-01 5.0926e-02 7.9194e-03
8.9125e+01 9.1229e+01 1.0000e+00 2.9262e-01 2.3405e-01 4.0971e-01 4.5149e-01 9.2003e-02 3.6789e-03
8.9125e+01 8.8151e+01 1.0000e+00 3.6815e-01 3.2754e-01 2.5241e-01 2.2536e-01 4.6094e-02 2.4339e-02
8.9125e+01 9.1494e+01 1.0000e+00 3.4564e-01 2.6844e-01 3.3662e-01 1.9480e-01 1.0794e-01 7.5546e-03
8.9125e+01 8.7052e+01 1.0000e+00 2.5184e-01 1.1318e-01 3.4541e-01 2.1203e-01 2.9793e-02 2.8740e-02
8.9125e+01 8.9411e+01 1.0000e+00 2.9849e-01 1.6360e-01 2.7710e-01 1.3038e-01 1.5173e-02 2.8286e-02
1.0000e+02 9.8526e+01 0.0000e+00 3.6171e-01 2.1108e-01 4.7763e-01 3.4889e-01 7.6035e-02 3.0829e-02
1.0000e+02 1.0024e+02 0.0000e+00 3.8619e-01 2.9751e-01 5.0765e-01 4.5102e-01 4.6915e-02 1.9660e-02
1.0000e+02 9.9428e+01 0.0000e+00 3.4922e-01 2.6825e-01 4.0102e-01 4.1368e-01 1.2744e-01 5.3188e-02
1.0000e+02 1.0192e+02 0.0000e+00 4.0277e-01 3.3340e-01 5.0172e-01 4.3544e-01 4.4882e-02 1.2029e-02
1.0000e+02 1.0078e+02 0.0000e+00 3.7057e-01 3.3620e-01 3.5089e-01 3.2716e-01 6.5495e-02 9.3988e-03
1.0000e+02 1.0015e+02 0.0000e+00 2.6625e-01 1.4989e-01 3.9346e-01 2.7627e-01 8.5560e-02 2.8764e-02
1.0000e+02 9.7959e+01 0.0000e+00 3.9875e-01 4.1763e-01 6.5808e-01 7.4947e-01 5.4881e-02 1.3125e-02
1.0000e+02 1.0073e+02 0.0000e+00 2.5297e-01 1.4629e-01 2.8422e-01 1.9002e-01 1.3329e-02 8.6450e-03
1.0000e+02 9.7452e+01 0.0000e+00 2.4997e-01 1.9021e-01 4.1983e-01 5.2777e-01 5.9806e-02 3.4730e-02
1.0000e+02 9.2757e+01 0.0000e+00 2.7751e-01 2.0807e-01 3.5569e-01 3.4173e-01 6.1901e-02 3.0132e-02
1.1220e+02 1.0899e+02 -1.0000e+00 2.5731e-01 1.6199e-01 2.7716e-01 1.7380e-01 5.3852e-02 2.6016e-02
1.1220e+02 1.1100e+02 -1.0000e+00 5.0302e-01 4.3285e-01 6.4182e-01 5.2227e-01 1.2479e-01 8.2444e-03
1.1220e+02 1.1371e+02 -1.0000e+00 2.7312e-01 1.9782e-01 4.4183e-01 4.4216e-01 6.2405e-02 3.7797e-02
1.1220e+02 1.1753e+02 -1.0000e+00 2.4510e-01 1.9055e-01 2.9012e-01 3.3764e-01 8.4488e-02 2.7847e-02
1.1220e+02 1.1140e+02 -1.0000e+00 2.6347e-01 2.4069e-01 3.0242e-01 2.3968e-01 2.4148e-02 1.5519e-02
1.1220e+02 1.0944e+02 -1.0000e+00 3.4041e-01 2.1901e-01 3.3584e-01 3.1981e-01 6.8293e-02 5.3596e-03
1.1220e+02 1.1465e+02 -1.0000e+00 2.9072e-01 1.9493e-01 2.7708e-01 1.9765e-01 3.7069e-02 7.9335e-03
1.1220e+02 1.1386e+02 -1.0000e+00 2.5304e-01 2.7684e-01 2.6218e-01 2.7667e-01 9.3811e-02 4.3116e-03
1.1220e+02 1.1082e+02 -1.0000e+00 2.7358e-01 1.8225e-01 2.6739e-01 1.7211e-01 3.2374e-02 5.0749e-02
1.1220e+02 1.1055e+02 -1.0000e+00 3.7364e-01 2.2717e-01 5.4144e-01 5.9141e-01 5.8505e-02 8.5701e-03
1.2589e+02 1.2311e+02 -2.0000e+00 3.5108e-01 2.7245e-01 4.3857e-01 3.9520e-01 6.1831e-02 1.8597e-02
1.2589e+02 1.2713e+02 -2.0000e+00 2.8346e-01 1.8719e-01 2.9572e-01 1.7948e-01 9.0407e-02 6.1983e-02
1.2589e+02 1.2719e+02 -2.0000e+00 3.6504e-01 3.4592e-01 3.8514e-01 3.2901e-01 5.8500e-02 3.4663e-02
1.2589e+02 1.2854e+02 -2.0000e+00 3.2686e-01 2.1474e-01 3.3839e-01 4.7268e-01 7.8211e-02 2.3270e-02
1.2589e+02 1.2626e+02 -2.0000e+00 3.0237e-01 2.2055e-01 4.0321e-01 3.4677e-01 6.0690e-02 3.7361e-02
1.2589e+02 1.2168e+02 -2.0000e+00 3.5597e-01 2.1278e-01 3.6538e-01 2.2037e-01 4.2230e-02 1.6530e-02
1.2589e+02 1.2493e+02 -2.0000e+00 5.7719e-01 3.7132e-01 8.1606e-01 6.8008e-01 2.1988e-02 3.6031e-02
1.2589e+02 1.2532e+02 -2.0000e+00 2.9379e-01 1.6453e-01 2.9520e-01 1.7339e-01 1.1148e-01 1.8477e-02
1.2589e+02 1.2802e+02 -2.0000e+00 4.2633e-01 3.1458e-01 5.2237e-01 6.1721e-01 3.8720e-02 3.1550e-02
1.2589e+02 1.2312e+02 -2.0000e+00 3.5719e-01 2.7473e-01 3.9964e-01 3.7262e-01 2.8216e-02 2.3160e-02
1.4125e+02 1.4137e+02 -3.0000e+00 2.7235e-01 2.7169e-01 2.5598e-01 3.0554e-01 7.7355e-02 1.0018e-02
1.4125e+02 1.4057e+02 -3.0000e+00 3.2631e-01 2.8556e-01 4.1135e-01 3.9800e-01 7.5017e-02 1.1712e-02
1.4125e+02 1.4046e+02 -3.0000e+00 2.5785e-01 1.7647e-01 3.2798e-01 3.5746e-01 3.4541e-02 6.6405e-02
1.4125e+02 1.4329e+02 -3.0000e+00 4.8415e-01 4.5566e-01 4.8396e-01 4.3266e-01 4.1880e-02 1.9822e-02
1.4125e+02 1.4087e+02 -3.0000e+00 3.7382e-01 4.9660e-01 4.1334e-01 5.2577e-01 8.3155e-02 2.7220e-03
1.4125e+02 1.4055e+02 -3.0000e+00 3.6011e-01 5.0023e-01 2.9098e-01 3.6421e-01 5.3809e-02 2.6463e-02
1.4125e+02 1.4147e+02 -3.0000e+00 3.6251e-01 3.4309e-01 5.0395e-01 4.8524e-01 8.6555e-02 1.0514e-02
1.4125e+02 1.4234e+02 -3.0000e+00 4.2194e-01 3.8106e-01 6.0704e-01 5.6316e-01 6.8029e-02 8.5808e-02
1.4125e+02 1.4118e+02 -3.0000e+00 4.0466e-01 2.2566e-01 4.3094e-01 2.3717e-01 1.7480e-01 6.6466e-02
1.4125e+02 1.4488e+02 -3.0000e+00 4.1137e-01 2.9078e-01 6.8891e-01 7.2258e-01 1.7752e-01 9.8852e-02
1.5849e+02 1.6077e+02 -4.0000e+00 3.4994e-01 2.5551e-01 4.9479e-01 3.8343e-01 2.0640e-01 2.6010e-02
1.5849e+02 1.6041e+02 -4.0000e+00 2.8180e-01 2.1171e-01 2.9182e-01 2.1313e-01 8.5108e-02 1.0158e-01
1.5849e+02 1.5802e+02 -4.0000e+00 4.5162e-01 6.2061e-01 5.0013e-01 6.8841e-01 3.4619e-02 5.6747e-02
1.5849e+02 1.5521e+02 -4.0000e+00 3.8540e-01 6.1673e-01 4.7421e-01 9.1449e-01 7.4412e-02 5.1367e-02
1.5849e+02 1.5561e+02 -4.0000e+00 4.4970e-01 5.0675e-01 4.7383e-01 4.9479e-01 5.1854e-02 8.1002e-02
1.5849e+02 1.5506e+02 -4.0000e+00 3.4022e-01 4.0125e-01 3.0922e-01 4.0696e-01 1.2929e-01 7.4559e-03
1.5849e+02 1.5395e+02 -4.0000e+00 3.0703e-01 2.5939e-01 5.1922e-01 3.6764e-01 1.8853e-01 5.1824e-02
1.5849e+02 1.6385e+02 -4.0000e+00 2.7489e-01 2.4785e-01 3.5742e-01 4.3182e-01 4.4522e-02 5.7520e-02
1.5849e+02 1.5520e+02 -4.0000e+00 3.8209e-01 2.3236e-01 4.2319e-01 3.0748e-01 3.9417e-02 7.1195e-02
1.5849e+02 1.5500e+02 -4.0000e+00 3.2335e-01 3.0887e-01 5.2495e-01 5.0274e-01 3.2466e-02 3.8425e-02
1.7783e+02 1.8848e+02 -5.0000e+00 3.7417e-01 2.8839e-01 4.5838e-01 3.4035e-01 1.6855e-01 1.4115e-03
1.7783e+02 1.7873e+02 -5.0000e+00 4.2543e-01 3.0542e-01 5.7913e-01 5.9134e-01 1.2641e-01 3.7171e-02
1.7783e+02 1.7882e+02 -5.0000e+00 4.1737e-01 3.1883e-01 4.1399e-01 3.1650e-01 7.5907e-02 2.4610e-02
1.7783e+02 1.7838e+02 -5.0000e+00 4.4753e-01 3.7680e-01 9.2698e-01 8.7011e-01 1.8036e-01 1.0047e-01
1.7783e+02 1.7380e+02 -5.0000e+00 5.0925e-01 5.7314e-01 4.4497e-01 4.8396e-01 1.2140e-01 2.3752e-02
1.7783e+02 1.7789e+02 -5.0000e+00 4.0165e-01 3.2697e-01 4.9336e-01 3.3531e-01 3.8001e-02 7.4110e-02
1.7783e+02 1.7332e+02 -5.0000e+00 4.0375e-01 2.9863e-01 4.7817e-01 2.8246e-01 1.2346e-01 6.0346e-02
1.7783e+02 1.8193e+02 -5.0000e+00 3.5392e-01 2.6090e-01 4.5931e-01 3.6764e-01 2.4896e-02 6.7897e-03
1.7783e+02 1.7208e+02 -5.0000e+00 5.1663e-01 3.5492e-01 6.1638e-01 5.0245e-01 4.5240e-02 1.6603e-02
1.7783e+02 1.7637e+02 -5.0000e+00 3.8490e-01 3.3567e-01 6.1331e-01 5.9670e-01 4.6222e-02 6.2703e-02
1.9953e+02 1.9886e+02 -6.0000e+00 4.1995e-01 4.3022e-01 5.5685e-01 4.4715e-01 1.9925e-02 2.0545e-02
1.9953e+02 1.9674e+02 -6.0000e+00 3.5543e-01 1.9870e-01 5.6233e-01 6.4822e-01 1.0841e-01 3.3709e-02
1.9953e+02 2.0179e+02 -6.0000e+00 6.1284e-01 3.2457e-01 8.1308e-01 5.1194e-01 1.2202e-01 1.1643e-01
1.9953e+02 1.9879e+02 -6.0000e+00 6.7845e-01 8.2102e-01 5.9247e-01 7.2307e-01 1.2931e-01 4.7959e-02
1.9953e+02 2.0598e+02 -6.0000e+00 4.1120e-01 5.1790e-01 4.6055e-01 6.8001e-01 1.2540e-01 6.1085e-02
1.9953e+02 2.0627e+02 -6.0000e+00 4.3741e-01 5.9358e-01 4.5632e-01 6.5851e-01 1.1197e-01 4.8503e-03
1.9953e+02 1.9340e+02 -6.0000e+00 6.4378e-01 6.3152e-01 6.7192e-01 6.7743e-01 1.0286e-01 3.5690e-02
1.9953e+02 2.0141e+02 -6.0000e+00 4.6200e-01 4.1641e-01 8.0363e-01 1.0483e+00 1.1406e-01 1.2043e-01
1.9953e+02 1.9773e+02 -6.0000e+00 3.9145e-01 4.1045e-01 3.5588e-01 3.9695e-01 5.5728e-02 2.0749e-02
1.9953e+02 2.0014e+02 -6.0000e+00 3.4446e-01 2.6583e-01 4.8284e-01 3.3828e-01 1.0657e-01 6.5051e-02
2.2387e+02 2.2924e+02 -7.0000e+00 4.9884e-01 4.7453e-01 1.0161e+00 1.3946e+00 6.8841e-02 6.3814e-02
2.2387e+02 2.1963e+02 -7.0000e+00 4.8376e-01 5.5437e-01 7.4947e-01 6.5134e-01 2.9751e-01 5.6639e-02
2.2387e+02 2.2422e+02 -7.0000e+00 6.0091e-01 5.4512e-01 6.9255e-01 5.6843e-01 5.5312e-02 4.1699e-02
2.2387e+02 2.2408e+02 -7.0000e+00 4.5947e-01 3.3176e-01 8.6956e-01 8.8940e-01 1.4886e-01 1.6014e-02
2.2387e+02 2.2171e+02 -7.0000e+00 5.9700e-01 4.3943e-01 6.0607e-01 4.1698e-01 1.1702e-01 9.1196e-02
2.2387e+02 2.2008e+02 -7.0000e+00 4.5134e-01 3.1541e-01 5.8808e-01 5.5760e-01 9.8161e-02 2.6050e-02
2.2387e+02 2.1714e+02 -7.0000e+00 3.6763e-01 4.0304e-01 4.6781e-01 5.4809e-01 1.6680e-01 9.4131e-02
2.2387e+02 2.2432e+02 -7.0000e+00 3.9030e-01 3.2864e-01 4.6858e-01 4.7644e-01 1.4923e-01 9.0284e-02
2.2387e+02 2.2744e+02 -7.0000e+00 3.7904e-01 5.2847e-01 3.8751e-01 5.5450e-01 3.1375e-01 1.1089e-02
2.2387e+02 2.3689e+02 -7.0000e+00 3.9916e-01 6.6763e-01 4.8592e-01 6.0207e-01 9.4768e-02 6.1545e-02
2.5119e+02 2.5189e+02 -8.0000e+00 4.2677e-01 3.7463e-01 4.8011e-01 3.9325e-01 1.1976e-01 5.0713e-02
2.5119e+02 2.4402e+02 -8.0000e+00 3.6530e-01 4.9066e-01 3.9078e-01 4.8334e-01 1.1260e-01 5.4668e-02
2.5119e+02 2.5078e+02 -8.0000e+00 3.7323e-01 4.6422e-01 8.3443e-01 8.7683e-01 1.1754e-01 5.8096e-02
2.5119e+02 2.4619e+02 -8.0000e+00 5.9531e-01 3.9989e-01 7.4541e-01 5.5979e-01 3.0080e-01 8.0757e-02
2.5119e+02 2.4683e+02 -8.0000e+00 4.8170e-01 6.4700e-01 6.4276e-01 7.4937e-01 1.5025e-01 1.1963e-02
2.5119e+02 2.3810e+02 -8.0000e+00 3.7168e-01 4.2944e-01 4.6991e-01 5.5591e-01 2.0887e-01 3.8747e-02
2.5119e+02 2.4975e+02 -8.0000e+00 5.3576e-01 4.1242e-01 7.5550e-01 5.3332e-01 8.2518e-02 1.0280e-01
2.5119e+02 2.4507e+02 -8.0000e+00 4.2087e-01 3.3596e-01 4.3171e-01 3.4647e-01 9.2408e-02 9.7792e-02
2.5119e+02 2.5477e+02 -8.0000e+00 9.9794e-01 1.0723e+00 1.1126e+00 1.1893e+00 1.7955e-01 3.1449e-02
2.5119e+02 2.5093e+02 -8.0000e+00 5.8098e-01 5.7047e-01 6.8188e-01 6.2398e-01 2.2250e-01 6.1941e-02
2.8184e+02 2.7685e+02 -9.0000e+00 7.7807e-01 9.2991e-01 8.6387e-01 9.6263e-01 2.5780e-01 3.3122e-02
2.8184e+02 2.7860e+02 -9.0000e+00 1.0073e+00 7.6168e-01 1.3107e+00 1.1535e+00 2.5907e-01 7.5919e-02
2.8184e+02 2.8695e+02 -9.0000e+00 4.7241e-01 3.5597e-01 4.8000e-01 3.8586e-01 1.1148e-01 5.2698e-02
2.8184e+02 2.8888e+02 -9.0000e+00 8.0639e-01 9.2256e-01 1.3275e+00 1.4303e+00 1.0738e-01 1.2138e-01
2.8184e+02 2.7751e+02 -9.0000e+00 7.6977e-01 8.9614e-01 9.1590e-01 1.2898e+00 1.2564e-01 7.8339e-02
2.8184e+02 2.7794e+02 -9.0000e+00 8.0469e-01 3.7254e-01 1.5098e+00 1.1361e+00 2.4750e-01 2.2201e-02
2.8184e+02 2.8645e+02 -9.0000e+00 8.0598e-01 6.6732e-01 6.0120e-01 5.9664e-01 2.3500e-01 1.4553e-02
2.8184e+02 2.8295e+02 -9.0000e+00 6.8719e-01 5.6320e-01 6.7902e-01 6.1678e-01 2.0680e-01 9.6711e-02
2.8184e+02 2.7895e+02 -9.0000e+00 5.9955e-01 7.0501e-01 4.7729e-01 5.6303e-01 1.2103e-01 5.7218e-02
2.8184e+02 2.8118e+02 -9.0000e+00 7.9396e-01 4.9542e-01 1.0276e+00 8.2193e-01 1.7789e-01 1.4380e-03
3.1623e+02 3.1174e+02 -1.0000e+01 5.2692e-01 4.2520e-01 9.8972e-01 6.6113e-01 9.7061e-02 1.0336e-01
3.1623e+02 3.1915e+02 -1.0000e+01 4.0195e-01 3.4049e-01 8.5387e-01 1.3195e+00 1.0211e-01 1.5707e-01
3.1623e+02 3.0714e+02 -1.0000e+01 8.5267e-01 9.1053e-01 1.3603e+00 1.4750e+00 2.6835e-01 9.6387e-02
3.1623e+02 3.1435e+02 -1.0000e+01 6.5047e-01 5.3005e-01 6.4158e-01 5.3630e-01 4.5824e-02 6.0137e-02
3.1623e+02 3.1170e+02 -1.0000e+01 5.5667e-01 3.8209e-01 6.8179e-01 4.0584e-01 2.4578e-01 3.5309e-02
3.1623e+02 3.2220e+02 -1.0000e+01 3.2513e-01 3.1862e-01 6.4688e-01 5.9246e-01 1.2141e-01 1.2489e-01
3.1623e+02 3.1377e+02 -1.0000e+01 8.9176e-01 8.1610e-01 1.0232e+00 9.2747e-01 2.4084e-01 8.1777e-02
3.1623e+02 3.1936e+02 -1.0000e+01 7.0397e-01 6.4727e-01 5.4566e-01 5.9574e-01 3.5532e-01 1.9870e-01
3.1623e+02 3.1144e+02 -1.0000e+01 6.1276e-01 6.0522e-01 6.9565e-01 6.7381e-01 1.8445e-01 2.8448e-02
3.1623e+02 3.1120e+02 -1.0000e+01 3.7005e-01 5.9810e-01 1.1180e+00 1.8818e+00 1.1633e-01 1.3797e-01
3.5481e+02 3.4168e+02 -1.1000e+01 8.1210e-01 1.1147e+00 1.1067e+00 1.4514e+00 8.5577e-02 4.7911e-02
3.5481e+02 3.4596e+02 -1.1000e+01 4.5982e-01 6.4375e-01 6.7610e-01 8.4755e-01 1.9531e-01 1.0981e-03
3.5481e+02 3.6558e+02 -1.1000e+01 1.1598e+00 8.2518e-01 1.2411e+00 1.3283e+00 2.2097e-01 1.0903e-01
3.5481e+02 3.5744e+02 -1.1000e+01 1.1236e+00 8.0360e-01 1.1000e+00 7.7994e-01 3.9745e-01 1.9549e-01
3.5481e+02 3.6282e+02 -1.1000e+01 8.1720e-01 4.8445e-01 9.7801e-01 1.3001e+00 5.3340e-01 2.3246e-02
3.5481e+02 3.4839e+02 -1.1000e+01 8.1282e-01 1.0520e+00 1.0111e+00 1.5559e+00 1.9582e-01 6.1910e-02
3.5481e+02 3.5626e+02 -1.1000e+01 6.3063e-01 6.7124e-01 1.5963e+00 1.8190e+00 3.0176e-01 4.6973e-02
3.5481e+02 3.5813e+02 -1.1000e+01 3.9705e-01 5.3535e-01 9.6180e-01 1.3927e+00 2.6308e-02 1.5220e-02
3.5481e+02 3.3895e+02 -1.1000e+01 1.0372e+00 1.0121e+00 8.6483e-01 8.6294e-01 2.3412e-01 1.2137e-01
3.5481e+02 3.4213e+02 -1.1000e+01 9.0339e-01 1.1408e+00 1.2092e+00 1.3218e+00 1.4656e-01 6.3493e-02
3.9811e+02 3.9906e+02 -1.2000e+01 8.9846e-01 8.7656e-01 1.2341e+00 1.2241e+00 7.9049e-02 1.7756e-01
3.9811e+02 3.8434e+02 -1.2000e+01 1.5175e+00 1.5845e+00 1.7993e+00 1.9107e+00 2.4627e-01 3.0143e-01
3.9811e+02 4.0124e+02 -1.2000e+01 8.7195e-01 1.2146e+00 1.0068e+00 1.0088e+00 2.5754e-01 2.7018e-02
3.9811e+02 4.0281e+02 -1.2000e+01 8.6845e-01 3.5853e-01 1.1309e+00 1.3658e+00 7.5977e-02 5.9270e-02
3.9811e+02 4.0303e+02 -1.2000e+01 7.4006e-01 6.6264e-01 1.1955e+00 1.4985e+00 9.5043e-02 6.0230e-02
3.9811e+02 3.9382e+02 -1.2000e+01 5.7300e-01 7.6565e-01 9.0287e-01 8.6784e-01 1.8811e-01 2.3213e-01
3.9811e+02 4.1112e+02 -1.2000e+01 8.2968e-01 1.1104e+00 1.1630e+00 1.4791e+00 2.4632e-01 1.9601e-01
3.9811e+02 3.9319e+02 -1.2000e+01 6.8079e-01 8.2650e-01 1.6003e+00 2.1137e+00 2.6586e-01 1.4334e-01
3.9811e+02 3.9628e+02 -1.2000e+01 6.0798e-01 5.5313e-01 1.4218e+00 1.6431e+00 2.3495e-01 1.8582e-01
3.9811e+02 3.9499e+02 -1.2000e+01 8.1106e-01 9.4671e-01 9.8117e-01 1.0041e+00 4.6903e-02 2.4703e-01
4.4668e+02 4.5107e+02 -1.3000e+01 1.1276e+00 9.3679e-01 1.1107e+00 1.0227e+00 2.6564e-01 6.4369e-02
4.4668e+02 4.6587e+02 -1.3000e+01 6.9325e-01 7.4901e-01 1.1027e+00 1.5974e+00 2.9716e-01 2.4374e-01
4.4668e+02 4.4912e+02 -1.3000e+01 1.3176e+00 1.0622e+00 2.1782e+00 1.7744e+00 6.4782e-02 6.9075e-03
4.4668e+02 4.3789e+02 -1.3000e+01 1.0945e+00 1.3676e+00 1.0584e+00 1.2427e+00 3.7607e-01 5.0408e-02
4.4668e+02 4.6158e+02 -1.3000e+01 9.7778e-01 1.1025e+00 1.1328e+00 1.0387e+00 4.0558e-01 2.4745e-01
4.4668e+02 4.6789e+02 -1.3000e+01 1.7648e+00 1.8230e+00 2.8245e+00 2.8091e+00 4.4326e-01 1.3384e-02
4.4668e+02 4.4241e+02 -1.3000e+01 1.0113e+00 1.2782e+00 1.5449e+00 2.1376e+00 2.5548e-01 2.0296e-02
4.4668e+02 4.5342e+02 -1.3000e+01 5.5627e-01 8.3847e-01 1.1431e+00 2.0315e+00 1.1586e-01 1.2616e-01
4.4668e+02 4.3556e+02 -1.3000e+01 6.6362e-01 4.8846e-01 6.1081e-01 4.6261e-01 1.5393e-01 2.0841e-01
4.4668e+02 4.4411e+02 -1.3000e+01 1.1810e+00 8.0948e-01 1.2401e+00 9.0857e-01 5.0416e-01 1.5749e-01
5.0119e+02 4.9119e+02 -1.4000e+01 1.1217e+00 1.4226e+00 1.1392e+00 1.5407e+00 3.1632e-01 2.2225e-01
5.0119e+02 4.9891e+02 -1.4000e+01 1.2456e+00 1.2720e+00 2.2574e+00 2.2075e+00 1.6249e-01 7.0117e-02
5.0119e+02 5.1312e+02 -1.4000e+01 1.5001e+00 1.3179e+00 1.8243e+00 2.7234e+00 7.3786e-01 1.0570e-01
5.0119e+02 4.9901e+02 -1.4000e+01 1.6113e+00 9.6775e-01 1.7108e+00 9.5160e-01 3.0885e-01 1.6463e-01
5.0119e+02 4.9711e+02 -1.4000e+01 8.5546e-01 4.5494e-01 1.3044e+00 9.5219e-01 3.6681e-01 3.9066e-01
5.0119e+02 5.2925e+02 -1.4000e+01 1.1383e+00 1.1567e+00 2.1666e+00 2.6695e+00 2.7112e-01 3.8524e-02
5.0119e+02 4.8122e+02 -1.4000e+01 1.4160e+00 1.4989e+00 1.7601e+00 1.3470e+00 2.6686e-01 4.4900e-03
5.0119e+02 4.9591e+02 -1.4000e+01 1.3174e+00 1.1601e+00 1.4571e+00 1.1991e+00 2.2304e-01 6.1308e-02
5.0119e+02 5.1826e+02 -1.4000e+01 1.8045e+00 1.9995e+00 1.2589e+00 1.4934e+00 1.1238e-01 2.2579e-01
5.0119e+02 5.0077e+02 -1.4000e+01 7.9901e-01 1.0332e+00 1.1224e+00 1.1395e+00 3.9623e-01 3.1894e-01
5.6234e+02 5.4007e+02 -1.5000e+01 1.1919e+00 1.2146e+00 1.1263e+00 1.1776e+00 4.1334e-01 3.6291e-01
5.6234e+02 5.4551e+02 -1.5000e+01 1.0384e+00 8.1928e-01 2.0789e+00 2.5280e+00 6.6097e-01 2.8445e-01
5.6234e+02 5.5466e+02 -1.5000e+01 8.4517e-01 1.4490e+00 1.1259e+00 1.6045e+00 2.9852e-01 3.1201e-02
5.6234e+02 5.5942e+02 -1.5000e+01 1.2282e+00 8.6038e-01 1.2428e+00 9.8000e-01 1.8812e-01 1.0838e-01
5.6234e+02 5.6799e+02 -1.5000e+01 1.3599e+00 1.5455e+00 1.1359e+00 1.2863e+00 4.9219e-01 1.4227e-01
5.6234e+02 5.8005e+02 -1.5000e+01 1.5480e+00 1.6385e+00 2.2185e+00 2.2405e+00 5.1539e-01 2.1604e-01
5.6234e+02 5.4761e+02 -1.5000e+01 1.0703e+00 1.5046e+00 1.1050e+00 1.5147e+00 2.3142e-01 7.9911e-03
5.6234e+02 5.5974e+02 -1.5000e+01 6.4521e-01 4.5862e-01 7.2058e-01 5.3385e-01 3.5392e-01 3.9906e-01
5.6234e+02 5.4302e+02 -1.5000e+01 1.1482e+00 8.4885e-01 1.3987e+00 9.5900e-01 2.8310e-01 1.3623e-01
5.6234e+02 5.7414e+02 -1.5000e+01 1.2205e+00 1.6358e+00 1.9758e+00 2.1952e+00 1.1705e-01 3.0957e-01
6.3096e+02 6.1846e+02 -1.6000e+01 1.0708e+00 1.3944e+00 3.1349e+00 3.7395e+00 7.0911e-02 2.0017e-03
6.3096e+02 6.5043e+02 -1.6000e+01 1.2361e+00 1.1506e+00 1.9782e+00 3.0067e+00 2.8744e-01 2.1330e-01
6.3096e+02 6.4118e+02 -1.6000e+01 9.8890e-01 1.4617e+00 1.0644e+00 1.3992e+00 5.2475e-01 8.0465e-02
6.3096e+02 6.3796e+02 -1.6000e+01 9.0464e-01 1.0612e+00 1.0588e+00 1.1626e+00 3.2920e-01 2.9924e-01
6.3096e+02 6.1886e+02 -1.6000e+01 1.3867e+00 1.9072e+00 1.7982e+00 2.6326e+00 1.8400e-01 5.0029e-01
6.3096e+02 6.2138e+02 -1.6000e+01 2.8833e+00 2.6364e+00 2.5959e+00 2.3708e+00 5.4965e-01 1.1532e-01
6.3096e+02 6.2194e+02 -1.6000e+01 1.5782e+00 1.1751e+00 1.4784e+00 1.6496e+00 9.3180e-02 1.9947e-01
6.3096e+02 6.2089e+02 -1.6000e+01 8.8264e-01 1.2891e+00 9.6275e-01 1.3237e+00 3.7897e-01 6.5302e-02
6.3096e+02 6.1836e+02 -1.6000e+01 1.6409e+00 1.3792e+00 2.1410e+00 2.0229e+00 5.9974e-01 2.6979e-01
6.3096e+02 6.4707e+02 -1.6000e+01 1.2544e+00 9.0665e-01 1.7486e+00 9.5616e-01 9.5947e-02 1.3659e-01
7.0795e+02 7.2026e+02 -1.7000e+01 2.0098e+00 2.5201e+00 1.9268e+00 2.2558e+00 2.5449e-01 3.8913e-01
7.0795e+02 7.0137e+02 -1.7000e+01 6.2928e-01 1.1641e+00 2.8905e+00 3.6469e+00 3.6553e-01 1.8908e-01
7.0795e+02 6.9386e+02 -1.7000e+01 1.3571e+00 1.9255e+00 2.6905e+00 2.8069e+00 3.9241e-01 6.1456e-01
7.0795e+02 6.9616e+02 -1.7000e+01 1.9294e+00 1.6787e+00 2.1464e+00 1.7587e+00 6.2066e-01 1.0838e-01
7.0795e+02 6.9953e+02 -1.7000e+01 1.3328e+00 8.9621e-01 1.6918e+00 1.1742e+00 3.0326e-01 2.3185e-01
7.0795e+02 6.9973e+02 -1.7000e+01 1.0947e+00 1.5542e+00 2.6872e+00 2.3754e+00 4.3910e-01 1.5564e-01
7.0795e+02 7.2539e+02 -1.7000e+01 1.1303e+00 1.3484e+00 3.0702e+00 3.7704e+00 5.3293e-02 8.3814e-01
7.0795e+02 7.2994e+02 -1.7000e+01 2.8619e+00 2.7225e+00 2.7011e+00 2.5527e+00 5.2099e-01 1.8762e-01
7.9433e+02 7.8485e+02 -1.8000e+01 1.4442e+00 1.3042e+00 2.5700e+00 3.0200e+00 7.1302e-01 1.3044e-01
7.9433e+02 7.7153e+02 -1.8000e+01 1.3306e+00 1.7354e+00 1.7375e+00 1.8762e+00 1.5657e-01 4.9634e-01
7.9433e+02 7.6401e+02 -1.8000e+01 1.2168e+00 1.0976e+00 1.5417e+00 2.6900e+00 5.5094e-01 2.5850e-02
7.9433e+02 8.1318e+02 -1.8000e+01 2.1980e+00 1.2045e+00 2.7109e+00 2.0433e+00 1.4953e-01 6.6174e-02
7.9433e+02 7.8916e+02 -1.8000e+01 1.4723e+00 1.1566e+00 1.3502e+00 1.6699e+00 7.1307e-01 5.3977e-01
7.9433e+02 7.8495e+02 -1.8000e+01 1.3803e+00 1.2727e+00 1.6865e+00 1.3574e+00 7.1272e-01 3.6659e-03
7.9433e+02 7.8542e+02 -1.8000e+01 2.4192e+00 2.4832e+00 2.0018e+00 1.9703e+00 2.4942e-01 3.4958e-01
7.9433e+02 7.7254e+02 -1.8000e+01 1.5134e+00 8.2334e-01 2.2393e+00 1.8773e+00 1.8457e-01 4.4752e-01
7.9433e+02 7.9710e+02 -1.8000e+01 2.1088e+00 1.8657e+00 2.9278e+00 3.0511e+00 5.8551e-01 2.0410e-02
7.9433e+02 7.8611e+02 -1.8000e+01 1.7432e+00 1.0031e+00 1.6655e+00 1.4195e+00 8.4515e-01 3.2118e-01
8.9125e+02 8.9934e+02 -1.9000e+01 2.1525e+00 1.4386e+00 2.2050e+00 2.2243e+00 6.1482e-01 7.4220e-02
8.9125e+02 9.2039e+02 -1.9000e+01 2.3575e+00 1.0603e+00 2.3602e+00 1.1743e+00 1.0288e+00 1.8146e-01
8.9125e+02 8.8240e+02 -1.9000e+01 1.0574e+00 1.8169e+00 1.4875e+00 2.6680e+00 3.1144e-01 1.6776e-01
8.9125e+02 8.5914e+02 -1.9000e+01 2.4023e+00 1.9576e+00 3.3852e+00 3.2505e+00 4.5701e-01 2.3664e-02
8.9125e+02 8.8523e+02 -1.9000e+01 2.5180e+00 2.4399e+00 2.2746e+00 2.3020e+00 3.1721e-01 3.0391e-02
8.9125e+02 8.6483e+02 -1.9000e+01 1.7567e+00 1.4217e+00 1.5542e+00 1.5663e+00 8.4100e-01 7.4205e-02
8.9125e+02 8.9175e+02 -1.9000e+01 1.9197e+00 1.4546e+00 2.4583e+00 2.4031e+00 1.2678e+00 2.8709e-01
8.9125e+02 8.7453e+02 -1.9000e+01 2.1985e+00 1.7675e+00 1.9339e+00 1.3851e+00 6.7592e-01 1.2892e-01
8.9125e+02 8.9991e+02 -1.9000e+01 1.8221e+00 1.4334e+00 2.5228e+00 1.8835e+00 7.1529e-01 1.1609e-01
8.9125e+02 8.9197e+02 -1.9000e+01 1.7397e+00 1.8434e+00 2.5873e+00 3.8305e+00 4.6669e-01 2.5916e-01
1.0000e+03 9.7201e+02 -2.0000e+01 2.4910e+00 2.0702e+00 2.8365e+00 2.9850e+00 1.1321e+00 1.2649e-01
1.0000e+03 1.0373e+03 -2.0000e+01 1.7379e+00 2.4540e+00 1.9980e+00 2.9543e+00 3.2179e-01 2.0858e-01
1.0000e+03 9.7938e+02 -2.0000e+01 2.3585e+00 1.7662e+00 2.0400e+00 1.8060e+00 6.9470e-01 1.7809e-01
1.0000e+03 9.8528e+02 -2.0000e+01 3.2249e+00 1.6163e+00 4.1553e+00 2.9389e+00 1.5211e+00 7.9519e-02
1.0000e+03 9.9849e+02 -2.0000e+01 3.0132e+00 3.0964e+00 4.7979e+00 5.4188e+00 4.3500e-01 3.9109e-01
1.0000e+03 1.0211e+03 -2.0000e+01 2.2781e+00 2.2688e+00 2.8922e+00 2.8447e+00 4.6278e-01 3.3566e-01
1.0000e+03 9.9396e+02 -2.0000e+01 2.5696e+00 2.8259e+00 2.6200e+00 2.8280e+00 4.7535e-01 5.7872e-02
1.0000e+03 9.8818e+02 -2.0000e+01 2.5676e+00 1.5360e+00 3.9820e+00 3.6968e+00 1.3056e+00 5.3774e-02
1.0000e+03 1.0217e+03 -2.0000e+01 2.5369e+00 2.9851e+00 3.8492e+00 4.7082e+00 1.2344e+00 8.7698e-02
1.0000e+03 1.0222e+03 -2.0000e+01 3.8834e+00 4.6967e+00 4.3695e+00 5.4308e+00 4.3352e-01 1.1344e-01
